1	0.27640675233974826
10	0.47591113189340356
11	0.8133948015337397
12	0.31424332340140415
13	0.8291561975888501
14	0.27735009811261463
15	0.041086180789929046
16	1.0
17	0.33049917705410653
18	0.2839209166107776
19	0.6323380568553354
2	0.7059515949730568
20	0.9655351182200103
21	0.22783789425631018
22	0.8001794375154965
23	0.2977417971232079
24	0.4398788917054507
25	0.5275864865160802
26	0.3707745907293931
27	0.5935256753272996
28	0.24634364703947323
29	0.3069282969483154
3	0.07093215912683586
30	0.1710568924768812
31	-0.004803844614152618
32	0.4458943493137035
33	0.29605124519647646
34	0.6000991981489792
35	0.5855644793599178
36	0.37779940578000293
37	0.5117342159069218
38	0.7331092305929306
39	0.844424174506864
4	0.9252041487854825
40	0.7543422685124546
41	0.468464736348986
42	0.4538776288392989
43	0.7221603618021688
44	0.3780514319011043
45	0.4957889815032029
46	0.1780916106725885
47	0.05395304311801465
48	0.3327024414152426
49	0.07029019463944165
5	0.25700903849929285
50	0.6909200918942157
51	0.33995005182504245
52	0.06786394856556202
53	0.49497474683058323
54	0.8983263773759129
55	0.29657692945788044
56	0.43617941191603565
57	0.18457360184886057
58	0.3380086577288918
59	0.5377060884116287
6	0.18222539974683125
60	0.24862636323035148
7	0.7346954262012565
8	0.12697260984213143
9	0.6273207543060624
