1	0.7513428837969106
10	0.6454972243679027
11	0.8749999999999998
12	0.4934053696844758
13	0.0
14	0.6363636363636364
15	0.6918607726062582
16	0.7346954262012565
17	0.6763949524591821
18	0.3387421861190549
19	0.317397947574391
2	0.7427198887778832
20	0.9168894559922718
21	0.4487941707625715
22	0.75
23	0.8076193189199722
24	0.8479769571241732
25	0.7182917319666633
26	0.39799544584345437
27	0.6963106238227914
28	0.44779702897172097
29	0.41136206679760845
3	0.5102158874031735
30	0.35221626388912464
31	0.6105716541821835
32	0.7794488346453275
33	0.6926226943300734
34	0.875
35	0.8778203471513463
36	0.41513904361299825
37	0.6569741873352105
38	0.7489308618940976
39	0.8353216616414539
4	0.7931034482758624
40	0.8660254037844387
41	0.7293249574894728
42	0.6565321642986126
43	0.35535373401200704
44	0.7570763354371696
45	0.7461635290233402
46	-0.2044947617111026
47	0.5508802139991625
48	0.4773063997825812
49	0.7844645405527361
5	0.455670320301055
50	0.7876702615706815
51	0.0
52	0.11015984775300477
53	0.4466185006315601
54	0.7669649888473704
55	0.4286339162044167
56	0.6889003545579572
57	0.36881483643198204
58	0.43026886486102645
59	0.662266178532522
6	0.5773502691896257
60	0.3162393162393162
7	1.0
8	0.6408699444616558
9	0.07894736842105267
