1	0.23058297567404656
10	0.28340915894406626
11	0.27367215433827946
12	0.30007277803589394
13	-0.5909368402852789
14	0.3534976101169956
15	0.1738501670894076
16	0.12697260984213093
17	0.11775765488483064
18	0.1877730793319162
19	0.5719031343322784
2	0.35734827197358526
20	0.8329179223149898
21	0.3332935434086722
22	0.23858967760504682
23	0.4448013608377212
24	0.0719076688299799
25	0.31019861468115734
26	0.13708705693031842
27	0.4092836572782683
28	0.10866440741612882
29	0.4568627311663579
3	0.256306474725677
30	0.13508146121882098
31	0.48521751198139795
32	0.11049702734953604
33	0.1446161149380912
34	0.30384627966693467
35	0.11278006393417858
36	0.22457093458425526
37	0.5117811507814725
38	0.13188944091768642
39	0.31620143203392637
4	0.41991312039042317
40	0.32749898929068993
41	0.3012736907656517
42	0.4171809075671539
43	0.2891574659831201
44	0.2530936539688278
45	0.3113649234805466
46	0.13419564256397212
47	0.09349251145446776
48	0.18356835026680526
49	0.16806388742815342
5	0.19726898101911064
50	0.7486400714106473
51	0.7777777777777778
52	0.191720469745907
53	0.3887407915116121
54	0.7293233082706768
55	0.3020265402310325
56	0.313849955013601
57	0.20418367990807282
58	0.17158987664970407
59	0.09939050778826468
6	0.07652567259319654
60	0.2002636454019572
7	0.6408699444616557
8	1.0
9	0.3322052985133747
