1	0.7661308776828737
10	0.8910421112136303
11	1.0000000000000002
12	0.6956083436402524
13	0.0
14	0.8528028654224417
15	-0.09090909090909091
16	0.6273207543060624
17	-0.10003062630871666
18	0.054816126206689346
19	0.42817441928883754
2	0.958706236059213
20	0.8703882797784892
21	0.17407765595569785
22	0.8660254037844385
23	0.49541508402214957
24	0.6617146798250337
25	0.8522482714633917
26	0.4820037201172793
27	0.6210700940445371
28	0.3887994455458913
29	0.14484136487558025
3	0.6575959492214292
30	0.09187887193166178
31	0.22821773229381923
32	0.8313702367707397
33	0.34928793008507464
34	0.0
35	0.4977216921405408
36	0.8017837257372729
37	0.8666426707222404
38	0.7385489458759965
39	0.6085806194501845
4	0.8660254037844385
40	0.2075143391598224
41	0.26880646099027444
42	1.0000000000000002
43	0.7770286898858113
44	0.45301642420227445
45	0.771321404383905
46	0.7655318158241113
47	0.5833333333333334
48	0.4643724678289998
49	0.7083333333333336
5	0.6380532872271012
50	0.6633249580710799
51	0.0
52	0.03930312381065066
53	0.9226129063148778
54	0.9449111825230678
55	0.16833092723137297
56	0.6327461157990808
57	0.28262516600051724
58	0.5785056063934059
59	0.8703882797784892
6	0.6051201657116568
60	-0.0656532164298613
7	0.07894736842105268
8	0.33220529851337477
9	1.0
