1	0.626769078134225
10	0.9999999999999998
11	0.8695012814895948
12	0.3960126726082885
13	0.0
14	0.9861168645694258
15	0.544943370302051
16	0.4759111318934036
17	0.5717393462736051
18	0.4173303795856906
19	0.7900821434530761
2	0.9238809633728572
20	0.7600909644944022
21	0.9191450300180577
22	0.958706236059213
23	0.2856022189181667
24	0.6983799021553295
25	0.7882634225314346
26	0.19008247481578486
27	0.8872139507342688
28	0.31479658398149724
29	0.2684246397446885
3	0.6146000210361576
30	0.11487505538478213
31	0.2566396178498174
32	0.7027414573251551
33	0.6032380982470856
34	0.875
35	0.7992228513451373
36	0.5062334716754895
37	0.7895174259998614
38	0.17883775448910005
39	0.4423198587248291
4	0.9649012813540154
40	0.0
41	0.7745966692414834
42	0.8574957348575766
43	0.6123724356957946
44	0.4473448650384872
45	0.2673275215833284
46	0.35758365389646396
47	0.732785570519284
48	0.2363213326748724
49	0.7592566023652967
5	0.8704706655745923
50	0.8052706076146673
51	-0.9999999999999998
52	0.5901759810823387
53	0.8834522085987725
54	0.9510344374630683
55	0.060906419570403776
56	0.551514020091562
57	0.46003091046380373
58	0.1965376657565702
59	0.6806659626466627
6	0.3261875035255366
60	0.6142951168339512
7	0.6454972243679029
8	0.2834091589440663
9	0.8910421112136303
