1	0.2512267209579664
10	0.060906419570403776
11	0.5679618342470648
12	0.34667632285535827
13	-0.08574929257125444
14	0.5838742081211422
15	0.6056951712211334
16	0.2965769294578804
17	0.3991107038599674
18	0.3049832692955573
19	0.5007467291559647
2	0.6659555553531759
20	0.7489287199466276
21	0.598891618885397
22	0.10308374045052708
23	0.5331396822236792
24	0.37848672087813356
25	0.2026827922671839
26	0.42494498557639426
27	0.32364888900157734
28	0.20717422954966885
29	0.35230228671029895
3	0.024712202337150914
30	0.23024827186657376
31	0.0976610248038547
32	0.4844039167304079
33	0.0024439270977053467
34	0.8846517369293825
35	0.6084496959129538
36	0.3854804291400133
37	0.4095898119868014
38	0.4725982150425215
39	0.6726966647316361
4	0.7375837923560066
40	0.3885019363264568
41	0.7572365563125346
42	0.7006206730473824
43	0.28015776286411065
44	0.2935683736754861
45	0.4392346521007423
46	0.13118343984692285
47	-0.044767080041130294
48	0.27753310949453003
49	0.32612357956346366
5	0.20784977797842816
50	0.45602166298127605
51	-0.3088988028763958
52	0.13810692620849568
53	0.5872685921352824
54	0.6174495586365918
55	1.0
56	0.2436405766566959
57	0.007105629807415864
58	0.3818222580914797
59	0.7368499582429022
6	-0.010005647637914783
60	0.37949896068009253
7	0.4286339162044168
8	0.3020265402310326
9	0.16833092723137297
