1	0.8605151397295094
10	0.5515140200915621
11	0.562617883473271
12	0.46206158938018216
13	0.0
14	0.9379429217827664
15	0.04702564066699709
16	0.4361794119160355
17	0.4624677997437167
18	0.28692500665158793
19	0.48201344018786363
2	0.9738412097417933
20	0.9790809223729899
21	0.8399999999999999
22	0.6540771372005375
23	0.37054840769996517
24	0.2581988897471612
25	0.7420017660889499
26	0.34137839764799
27	0.6140833056494277
28	0.1700109086671635
29	0.4753048097482351
3	0.48189017085305735
30	0.11382267666203669
31	0.3964757936890943
32	0.4748345350746255
33	0.5426313477412145
34	0.9684959969581863
35	0.3679143413443473
36	0.86626517090124
37	0.9393210198519966
38	0.34095742544599056
39	0.4917377283490557
4	0.8721786813342282
40	0.74535599249993
41	0.3326528141123145
42	0.4555337555494519
43	-0.07537783614444095
44	0.20053636539604433
45	0.330065485400883
46	0.33991241480468837
47	0.3941535686914951
48	0.26238965809816683
49	0.3991749733395862
5	0.5060125083402593
50	0.8584216868169519
51	-0.9999999999999998
52	0.4040950290807674
53	0.31180478223116176
54	0.816496580927726
55	0.2436405766566959
56	1.0000000000000002
57	0.434243767532159
58	0.02700700174343152
59	0.6754768379034058
6	0.3454248976093902
60	-0.06244666259314958
7	0.688900354557957
8	0.31384995501360075
9	0.6327461157990807
