1	0.7137464271463297
10	0.7745966692414834
11	0.9999999999999999
12	0.7924058156930615
13	0.0
14	0.7637626158259733
15	0.41089070180665904
16	0.468464736348986
17	0.3646984043128984
18	0.37125881623393386
19	0.6863515362935737
2	0.9999999999999998
20	1.0
21	0.5916079783099615
22	0.9128709291752769
23	0.42036511190777587
24	0.5119179012414085
25	0.4743416490252569
26	0.4086079849399812
27	0.39297188779668457
28	0.237563817034874
29	0.5138915323706487
3	0.44070569411825217
30	0.23443883069774027
31	0.5803048606924499
32	0.6745083501766913
33	0.3544333595749495
34	0.6324555320336759
35	0.7164641576454228
36	0.3050266170572693
37	0.665267348636088
38	0.9058216273156763
39	0.30935921676911454
4	0.919145030018058
40	0.375
41	1.0000000000000002
42	0.9365858115816942
43	0.8681808787790204
44	0.29335732442442874
45	0.6039900012157713
46	0.3783783783783784
47	0.6038217413038415
48	0.4314565344603823
49	0.48038446141526137
5	0.17859990659227326
50	0.8882347881956881
51	0.0
52	0.18293186935553613
53	0.8131249357707346
54	0.9101820546182064
55	0.7572365563125347
56	0.3326528141123145
57	0.4070611519374003
58	0.2895889549703804
59	0.820412654142367
6	0.6231407383092852
60	0.7031230493106524
7	0.7293249574894728
8	0.3012736907656517
9	0.2688064609902744
