1	0.9064942077733619
10	0.8695012814895949
11	1.0
12	0.47519096331149147
14	0.9128709291752768
15	0.2927700218845599
16	0.8133948015337397
17	0.6565321642986126
18	0.5066859812605089
19	0.7424258698676951
2	1.0
20	0.804084401128346
21	0.0
22	0.9101820546182061
23	0.936995548746168
24	0.8062257748298548
25	0.8690481892534817
26	0.8040302522073696
27	1.0000000000000002
28	0.4788656831167454
29	0.8677218312746248
3	0.6461680350030748
30	0.38127783351717204
31	0.2739745147626949
32	0.9016114605562928
33	0.4740783452863865
34	0.0
35	0.5123475382979799
36	0.9338592095470355
37	1.0000000000000002
38	0.8000443250131929
39	0.7597456497402568
4	0.6643638388299198
40	0.0
41	0.9999999999999999
42	0.9682458365518539
43	0.8783100656536799
44	0.5522385703666393
45	0.8722282147777605
46	0.6225430174794673
47	0.7112439299095955
48	0.6772970365810973
49	0.43915503282683993
5	1.0000000000000002
50	0.9682458365518544
51	-0.13483997249264842
52	0.4471876646735942
53	1.0000000000000002
54	0.9325048082403138
55	0.5679618342470648
56	0.5626178834732709
57	0.44746936537817317
58	0.7919091171097598
59	1.0000000000000002
6	0.37005976242913896
60	-0.025507216374642358
7	0.875
8	0.2736721543382795
9	1.0000000000000002
