1	0.6446583712203042
10	0.875
11	0.0
12	0.5773502691896257
13	0.0
14	0.0
15	0.0
16	0.600099198148979
17	0.4
18	0.8634624345543498
19	0.9432422182837984
2	1.0
20	0.6123724356957945
21	1.0
22	0.8703882797784892
23	0.9524241471993241
24	0.6757246285173463
25	0.9157484263009925
26	0.9185586535436918
27	1.0
28	0.49181713614952055
29	0.7905694150420945
3	0.8834522085987722
30	0.039515250888573446
31	0.0
32	0.9684959969581863
33	0.7346854013832727
34	1.0
35	0.8685990362153789
36	0.5227083734893168
37	1.0000000000000002
38	0.0
39	0.0
4	0.4629100498862757
40	0.0
41	0.6324555320336761
42	1.0000000000000002
43	0.0
44	0.8418729120241367
45	0.7717436331412899
46	0.5551361100027009
47	0.7745966692414833
48	0.9428090415820632
49	0.8783100656536799
5	1.0
50	0.9432422182837984
51	0.0
52	0.7122218426597098
53	0.0
54	0.8703882797784892
55	0.8846517369293826
56	0.9684959969581863
57	0.9432422182837984
58	0.40555355282690636
59	1.0
6	0.9738163552145481
60	0.5222329678670935
7	0.875
8	0.3038462796669347
9	0.0
