1	0.6475866014851582
10	0.8704706655745921
11	1.0
12	0.41530868804696447
13	0.0
14	0.3869395588747966
15	0.35928215282510967
16	0.25700903849929285
17	0.4052982038466855
18	0.29411136277842426
19	0.41005259431258806
2	0.6224717976020829
20	0.9177788727679403
21	0.8625916683564174
22	0.9191450300180575
23	0.8011075915211501
24	0.37482466745880444
25	0.5177799092282185
26	0.3690073482982912
27	0.5501659217294393
28	0.33931937765840775
29	0.43308785254703636
3	0.5565713133330443
30	0.11837600824052408
31	0.6461630524809192
32	0.43606405162614287
33	0.49087251940074833
34	0.9999999999999999
35	0.4996868754621325
36	0.5701548461934063
37	0.790496798561049
38	0.6514265576024516
39	0.5965587590013045
4	0.9165444688834583
40	0.5860641867950224
41	0.17859990659227326
42	0.8246693175801874
43	0.6237055560836821
44	0.09901502985841931
45	0.7127805623109592
46	0.35986839569827156
47	0.39805407885392136
48	0.5280999995029568
49	0.8307471607356971
5	1.0000000000000002
50	0.9311013652122256
51	0.0
52	0.5966346169811647
53	0.21834155447023873
54	0.9265694241581076
55	0.20784977797842816
56	0.5060125083402595
57	0.5981861289166265
58	0.22001047682503277
59	0.8383803551716217
6	0.6826318457487831
60	0.5051814855409226
7	0.455670320301055
8	0.19726898101911064
9	0.6380532872271009
