1	0.9833081801596841
10	0.8574957348575766
11	0.9682458365518539
12	0.6761234037828132
13	0.0
14	0.8685990362153794
15	0.29277002188455997
16	0.45387762883929894
17	0.19156525704423025
18	0.5769471832876829
19	0.9542374472273958
2	0.9999999999999998
20	1.0
21	0.7608859102526822
22	0.9128709291752768
23	0.9799578870122228
24	0.522835179821327
25	0.7912272180251639
26	0.5028353553357978
27	1.0000000000000002
28	0.33961714595297277
29	0.6138245895861673
3	0.6559557583204079
30	0.21554339528856156
31	0.40824829046386285
32	0.9145550175585558
33	0.6943296507508848
34	1.0000000000000002
35	0.7607257743127308
36	0.897315461837001
37	0.9785497849867488
38	0.9428090415820635
39	0.6103896103896104
4	0.6729265849104531
40	0.3333333333333333
41	0.9365858115816943
42	1.0000000000000002
43	0.0
44	0.5428571428571428
45	0.5572411175586016
46	0.16854996561581048
47	0.8039351190381369
48	0.6892423112661024
49	0.5144957554275266
5	0.8246693175801874
50	0.8238858408710995
51	0.0
52	0.3118724702341802
53	0.8783100656536799
54	0.8230548917531016
55	0.7006206730473823
56	0.4555337555494518
57	0.20723908457632687
58	0.38598927430761293
59	0.968245836551854
6	0.47641532075901044
60	0.7463904912524668
7	0.6565321642986126
8	0.41718090756715365
9	1.0000000000000002
