1	0.352707549537712
10	0.44734486503848714
11	0.5522385703666394
12	0.16458410326045805
13	0.2036532699906392
14	0.7227520229347
15	0.4216289836557402
16	0.378051431901105
17	0.25455893495936477
18	0.2652815598662405
19	0.4521275496606256
2	0.47035611034381836
20	0.8002304995805998
21	0.43175165171738766
22	0.3902343623332089
23	0.5598152738776436
24	0.20760599428548895
25	0.26152498394372237
26	0.3079653957958941
27	0.4180881893220598
28	0.18341061111302293
29	0.6098992736737947
3	0.3983275100188574
30	0.22186334955830964
31	0.156662573479452
32	0.24323696173169898
33	0.1426471822898675
34	0.8418729120241367
35	0.17756810848677063
36	0.3267640372042284
37	0.6722139969935249
38	0.22826567551152663
39	0.5754964847837222
4	0.5082393709394061
40	0.31090336089778875
41	0.2933573244244288
42	0.542857142857143
43	0.357459317546311
44	1.0000000000000002
45	0.33052370155026667
46	0.1526989786364503
47	0.30323471173815464
48	0.3275494234262001
49	0.13288211940534986
5	0.09901502985841927
50	0.4966380657511103
51	0.5484080882861868
52	0.2519814525759795
53	0.11099464973379261
54	0.7559322033898307
55	0.29356837367548644
56	0.20053636539604427
57	0.22533600511992163
58	0.2996997174645744
59	0.4354767905623962
6	0.21523381287955212
60	0.21991757418443844
7	0.7570763354371695
8	0.2530936539688276
9	0.4530164242022742
