1	0.7124397676542286
10	0.2856022189181667
11	0.936995548746168
12	0.5736175981896026
13	0.0
14	0.6060549347352338
15	0.635855855098946
16	0.29774179712320786
17	0.38371055576265106
18	0.4234190283275081
19	0.8754859793464346
2	0.790203664657013
20	0.8876253645985945
21	0.8606629658238703
22	0.6124406552064718
23	1.0
24	0.4102471653759027
25	0.5860942701532693
26	0.2517809090942439
27	0.7883709760238432
28	0.28834415101094324
29	0.7707586376752585
3	0.3223349517336329
30	0.2549031723794299
31	0.21195399127990533
32	0.5197261109084083
33	0.47221496930864787
34	0.9524241471993241
35	0.6241608268139709
36	0.3676621061724936
37	0.8768115942028986
38	0.4050650193523413
39	0.9127126507294968
4	0.9531576233498552
40	0.4708816093480111
41	0.4203651119077758
42	0.9799578870122228
43	0.6229495983549491
44	0.5598152738776436
45	0.6340732444901837
46	0.4665969665802413
47	0.5366923037847309
48	0.5531641638783785
49	0.472988101863693
5	0.8011075915211501
50	0.7553282490608396
51	0.6318006707199482
52	0.3504368399320537
53	0.14978617237881955
54	0.9543135154205278
55	0.5331396822236791
56	0.37054840769996517
57	0.4910980550690549
58	0.3921581955471678
59	0.8206555975292544
6	0.38371149744871624
60	0.5980503604017328
7	0.8076193189199722
8	0.44480136083772115
9	0.4954150840221494
