1	0.9999999999999998
10	0.6267690781342249
11	0.906494207773362
12	0.5299140480989702
13	0.0
14	0.6113149794833975
15	0.5431204538439778
16	0.2764067523397482
17	0.2380814749669225
18	0.3499055511488177
19	0.5288706029413726
2	0.9263103407916956
20	0.933750153802379
21	0.5741192363184245
22	0.8360078294544202
23	0.7124397676542286
24	0.4308754370706941
25	0.6772119393918103
26	0.38317794072509587
27	0.8504476439179525
28	0.272064082068729
29	0.8319154067205804
3	0.7794360300272635
30	0.23496789583955838
31	0.5014880985284923
32	0.7067915753542373
33	0.5184301362394316
34	0.6446583712203041
35	0.4336908741196557
36	0.7258005817863094
37	0.8482931856991747
38	0.6908159074422422
39	0.6253340406679675
4	0.8859366348279275
40	0.4422319942582256
41	0.7137464271463297
42	0.9833081801596844
43	0.5106971540538452
44	0.3527075495377117
45	0.3324491989124176
46	0.2358456499651024
47	0.5061300953176134
48	0.535788842979796
49	0.19781414201873615
5	0.6475866014851582
50	0.8498107930273523
51	0.6123724356957946
52	0.12440274548941413
53	0.8416254115301732
54	0.7528074091628109
55	0.25122672095796644
56	0.8605151397295094
57	0.42396998744815234
58	0.34615399311042633
59	0.9365547100184192
6	0.382982190891124
60	0.17026775793766546
7	0.7513428837969106
8	0.2305829756740468
9	0.7661308776828737
