1	0.5061300953176134
10	0.7327855705192837
11	0.7112439299095956
12	0.4880396763689415
13	0.0
14	0.7583722888333069
15	0.2469762647381292
16	0.05395304311801463
17	0.3448036582493129
18	0.2020282475168397
19	0.3944314001506514
2	0.8923543557893894
20	0.9010989010989009
21	0.5991020199507535
22	0.5945204331682347
23	0.5366923037847312
24	0.31309253350734906
25	0.4840487238999083
26	0.27841838088140414
27	0.7076204336877252
28	0.24602787166829782
29	0.50385030384653
3	0.5732305987108394
30	0.1261781366091624
31	0.5415612768886916
32	0.27738437620300715
33	0.276336180940565
34	0.7745966692414831
35	0.5780864076092095
36	0.5148214072546051
37	0.712542788616765
38	0.4473584223767251
39	0.630596031408382
4	0.7339246680189279
40	-0.08671099695241201
41	0.6038217413038415
42	0.8039351190381369
43	0.37131438233312714
44	0.30323471173815464
45	0.26176288518111146
46	0.21976978410634507
47	1.0
48	0.4143445179063764
49	0.5985011771570825
5	0.39805407885392147
50	0.574490832440092
51	0.24343224778007377
52	0.2673723256790126
53	0.4763305116224669
54	0.580229958611494
55	-0.044767080041130315
56	0.3941535686914953
57	0.3476266774989705
58	0.04822159768336022
59	0.7034898429854362
6	0.5715289852782596
60	0.4926989888136382
7	0.5508802139991626
8	0.09349251145446774
9	0.5833333333333334
