1	0.8504476439179527
10	0.8872139507342689
11	1.0000000000000002
12	0.5380530800046193
13	0.0
14	0.7607204822889371
15	0.6778596247646527
16	0.5935256753272997
17	0.6215405214180141
18	0.5144397753213169
19	0.8673185089295316
2	0.7648662360221621
20	0.92477409322483
21	0.7360677045181884
22	0.9128709291752768
23	0.7883709760238432
24	0.24257385854900365
25	0.7433189072232039
26	0.4627929436037269
27	1.0000000000000002
28	0.47450559823936866
29	0.7756710063309423
3	0.6092848842499202
30	0.3715635552210813
31	0.05814838046295808
32	0.558420250051284
33	0.6343416888210194
34	0.9999999999999999
35	0.6678432509294406
36	0.4212722196636578
37	0.8152137861837444
38	0.7749842582921286
39	0.9684747092264967
4	0.9165444688834582
40	0.4588314677411235
41	0.39297188779668457
42	1.0000000000000002
43	0.5547294641422117
44	0.41808818932206004
45	0.6339967389691932
46	0.31470810488397244
47	0.7076204336877253
48	0.39142865448635805
49	0.6693696839286681
5	0.5501659217294392
50	0.7997293778366412
51	0.0
52	0.7392906213419834
53	0.1386750490563073
54	0.9211323729436764
55	0.32364888900157746
56	0.6140833056494275
57	0.8121124417314133
58	0.26181675818508854
59	0.9438798074485388
6	0.8578866336760516
60	0.4643716460347526
7	0.6963106238227914
8	0.4092836572782683
9	0.621070094044537
