1	0.0
10	0.0
12	0.0
13	0.9999999999999999
15	0.0
16	0.8291561975888501
17	0.0
18	0.2916916755984739
19	0.0
2	0.0
20	0.0
21	0.0
22	0.0
23	0.0
24	0.0
25	0.0
26	0.0
27	0.0
28	0.10016708449412666
29	0.0
3	0.0
30	0.11194658507092627
32	0.0
33	0.16477051091432693
34	0.0
35	0.0
36	0.0
37	0.0
39	0.0
4	0.0
40	0.0
41	0.0
42	0.0
43	0.0
44	0.2036532699906392
45	0.0
46	0.5000000000000001
47	0.0
48	0.3162277660168379
5	0.0
50	0.0
52	-0.17407765595569785
53	0.0
54	0.0
55	-0.08574929257125444
56	0.0
57	0.8728715609439693
58	-0.07497072027996957
59	0.0
6	0.0
60	0.0
7	0.0
8	-0.5909368402852789
9	0.0
