1	0.42396998744815223
10	0.4600309104638039
11	0.4474693653781733
12	0.2670781653466459
13	0.8728715609439694
14	0.5337754219869236
15	0.4804295404245489
16	0.18457360184886074
17	0.11524441479015854
18	0.27807731057812207
19	0.36133262054803283
2	0.9591850389282891
20	0.9150772561270236
21	0.6554749394445403
22	0.4534226563187572
23	0.4910980550690549
24	0.2534390055408525
25	0.29569192405639905
26	0.31120817976323645
27	0.8121124417314133
28	0.14926917920521812
29	0.5540522810365228
3	0.484074975661267
30	-0.009918577489159157
31	0.2193804411020284
32	0.21414185752806378
33	0.3381786575138039
34	0.9432422182837987
35	0.5166350401452482
36	0.4494675593843758
37	0.7210293918212823
38	0.36354602265207797
39	0.5649914557197476
4	0.6813851438692469
40	0.3814465974057265
41	0.4070611519374003
42	0.2072390845763269
43	0.2663017150218154
44	0.22533600511992155
45	0.25052226139321765
46	0.04725733627833076
47	0.34762667749897047
48	0.39499603525101845
49	0.6720839475684458
5	0.5981861289166264
50	0.5828410841755098
51	0.12387925382036538
52	0.3758923849567995
53	0.515876954571596
54	0.6826088160223163
55	0.007105629807415826
56	0.43424376753215915
57	0.9999999999999999
58	0.06736646554341956
59	0.7604691006293733
6	0.42907490790827424
60	0.24370192677310623
7	0.368814836431982
8	0.20418367990807285
9	0.2826251660005172
