1	0.5299140480989702
10	0.39601267260828843
11	0.47519096331149147
12	1.0
13	0.0
14	0.44346340998313405
15	0.5411194715596587
16	0.31424332340140415
17	0.38993326048076205
18	0.15056494382338273
19	0.4875820476038676
2	0.7667484762335374
20	0.7009130258223497
21	0.3402785236893603
22	0.5345224838248488
23	0.5736175981896025
24	0.36153747699216027
25	0.5416936059657779
26	0.32153365188761757
27	0.5380530800046193
28	0.30430085797167583
29	0.6361038447429131
3	0.7755798156736721
30	0.337837177516747
31	0.7898219257498245
32	0.1849920225197418
33	0.38351223537497575
34	0.5773502691896257
35	0.7025323298298787
36	0.6438343230905152
37	0.6566107861974994
38	0.4319620198480262
39	0.6757246285173463
4	0.5345224838248488
40	-0.32274861218395134
41	0.7924058156930615
42	0.6761234037828132
43	0.2836543144655877
44	0.16458410326045808
45	0.5793147715603879
46	0.3263745524255202
47	0.48803967636894113
48	0.21138528383243535
49	0.6073322476341871
5	0.4153086880469644
50	0.7247308640483067
51	0.7388664511337207
52	0.23168771081231412
53	0.6599120175960899
54	0.41149006234416485
55	0.34667632285535827
56	0.46206158938018216
57	0.26707816534664597
58	0.32909302357617054
59	0.7004041959724749
6	0.6235294822373356
60	0.6063390625908325
7	0.49340536968447574
8	0.3000727780358939
9	0.6956083436402524
