1	0.5106971540538452
10	0.6123724356957946
11	0.8783100656536799
12	0.2836543144655877
13	0.0
14	0.8750000000000001
15	0.0
16	0.7221603618021686
17	0.34621979296460714
18	0.28962293710578435
19	0.8703882797784892
2	0.8064516129032258
20	1.0000000000000002
21	0.0
22	0.0
23	0.622949598354949
24	0.6335066203592328
25	0.12909944487358058
26	0.7268777929314035
27	0.5547294641422117
28	0.32299699879255966
29	0.34286375654996787
3	0.0
30	0.31622776601683805
31	0.0
32	0.6972166887783964
33	0.5339750091013881
34	0.0
35	0.8316554899054914
36	0.8109307588519343
37	0.19611613513818402
38	0.9432422182837987
39	0.0
4	0.0
40	0.984731927834662
41	0.8681808787790203
42	0.0
43	1.0
44	0.3574593175463109
45	0.6779597633794474
46	0.24655495299692495
47	0.37131438233312714
48	0.3844707019179155
49	0.43301270189221924
5	0.6237055560836822
50	0.8655263974602166
51	0.0
52	0.19595961368266712
53	0.9432422182837987
54	0.0
55	0.28015776286411054
56	-0.07537783614444091
57	0.2663017150218153
58	0.5622550113947726
59	0.9415544714433867
6	0.13736056394868906
60	0.5813183589761797
7	0.35535373401200704
8	0.2891574659831202
9	0.7770286898858113
