1	0.17026775793766546
10	0.6142951168339513
11	-0.025507216374642375
12	0.6063390625908325
13	0.0
14	0.4285714285714285
15	0.8700568258333313
16	0.24862636323035148
17	0.14295820053935096
18	0.31861824225215246
19	0.45048730101257123
2	0.6565321642986129
20	0.6826561487862892
21	0.35355339059327373
22	0.41522739926869995
23	0.5980503604017328
24	0.5115743738394345
25	0.26111648393354675
26	0.4256306458440005
27	0.4643716460347527
28	0.29259739472188206
29	0.4361454588218232
3	0.5303625801985057
30	0.07153659651281699
31	0.6909801595573181
32	0.0740994897804573
33	0.38821734825851995
34	0.5222329678670935
35	0.5910541245655416
36	0.4127969174422724
37	0.30380249716635915
38	0.30348848933344197
39	0.6699645642462504
4	0.5590169943749475
40	0.35355339059327373
41	0.7031230493106524
42	0.7463904912524667
43	0.5813183589761796
44	0.2199175741844384
45	0.6225093728707208
46	0.08312885422006541
47	0.4926989888136382
48	0.5725256614305746
49	0.7671952740916673
5	0.5051814855409226
50	0.7309158771925376
51	-0.9999999999999998
52	0.27034490259784755
53	0.2182178902359924
54	0.6515837655350015
55	0.3794989606800924
56	-0.06244666259314958
57	0.24370192677310631
58	0.11176351419607891
59	0.618589574131742
6	0.261203799262499
60	1.0
7	0.3162393162393162
8	0.20026364540195712
9	-0.06565321642986129
