1	0.4422319942582257
10	0.0
11	0.0
12	-0.32274861218395134
13	0.0
14	0.5041841733655161
15	0.0
16	0.7543422685124547
17	0.31921603959231953
18	0.3368594277592665
19	0.7740702698132099
2	0.8750000000000001
20	1.0
21	0.17518714874213506
22	0.0
23	0.4708816093480111
24	0.7607257743127307
25	0.13483997249264834
26	0.30143524378286707
27	0.4588314677411235
28	0.1933821931419832
29	0.3834824944236852
3	0.5144957554275266
30	0.21575590159143196
31	0.0
32	-0.018291794663014414
33	0.7538461538461539
34	0.0
35	0.7023833979330982
36	0.6374285090633038
37	0.8429272304235245
38	0.0
39	0.0
4	0.6363636363636364
40	1.0
41	0.375
42	0.3333333333333333
43	0.984731927834662
44	0.3109033608977886
45	0.14555752031552238
46	0.28681999104962547
47	-0.08671099695241201
48	0.11761294932792299
49	0.17407765595569785
5	0.5860641867950224
50	0.7391304347826085
51	0.0
52	0.15830297101850066
53	0.2850438562747845
54	0.0
55	0.38850193632645674
56	0.74535599249993
57	0.38144659740572645
58	0.33237547694701153
59	0.5921565254637922
6	0.24999999999999997
60	0.35355339059327373
7	0.8660254037844387
8	0.32749898929069
9	0.2075143391598224
