1	0.23808147496692256
10	0.5717393462736052
11	0.6565321642986126
12	0.389933260480762
13	0.0
14	0.8171869346823522
15	0.4414253263796294
16	0.3304991770541065
17	1.0000000000000002
18	0.09370882463294299
19	0.4365545831589404
2	0.6179077013282606
20	0.05513349465842533
21	0.20416143158628997
22	0.048294241496488664
23	0.38371055576265106
24	0.35699677692595333
25	0.19088864712314305
26	0.36688347930126675
27	0.6215405214180145
28	0.22107662366949776
29	0.40951725577647863
3	0.2545214226213878
30	0.2142365957985524
31	0.10604944824604035
32	0.18614121862200556
33	0.1236803648758628
34	0.4
35	0.5238101271161382
36	0.27539744840543606
37	0.44834511012424494
38	0.2765111989700601
39	0.6020079537407
4	0.6856034446626804
40	0.31921603959231953
41	0.36469840431289835
42	0.19156525704423025
43	0.34621979296460725
44	0.25455893495936516
45	0.2733468714291899
46	0.20908386433000836
47	0.344803658249313
48	0.026663777990696563
49	-0.28867513459481287
5	0.40529820384668563
50	0.48586863939734437
51	-0.4472135954999579
52	0.2265583177212247
53	-0.03944706817271966
54	0.7092993656151906
55	0.3991107038599672
56	0.4624677997437166
57	0.11524441479015854
58	0.3414475986407021
59	0.5890245250136348
6	0.2899066008221805
60	0.1429582005393509
7	0.6763949524591825
8	0.1177576548848301
9	-0.10003062630871665
