1	0.5357888429797961
10	0.23632133267487243
11	0.6772970365810971
12	0.21138528383243535
13	0.31622776601683783
14	0.471870105616408
15	0.16372832289052913
16	0.3327024414152426
17	0.02666377799069661
18	0.3092963690172229
19	0.6769479563235166
2	0.551741501468488
20	0.9500183596757119
21	0.540833418051366
22	0.7905694150420948
23	0.5531641638783786
24	0.29382917224589644
25	0.22574692487605194
26	0.46507291381588817
27	0.39142865448635805
28	0.3247168520026604
29	0.36293800983067653
3	0.12184056186272879
30	0.13083158407007223
31	0.31222039088050024
32	0.06674701401358431
33	0.2644941288447251
34	0.9428090415820632
35	0.41682979451678226
36	0.279006362882759
37	0.7453862417234768
38	0.45293868766553663
39	0.5776323851454745
4	0.910465468000326
40	0.11761294932792297
41	0.4314565344603822
42	0.6892423112661024
43	0.38447070191791555
44	0.3275494234262
45	0.3437073390340319
46	0.2842264150935612
47	0.4143445179063769
48	1.0
49	0.20912948642671375
5	0.5280999995029569
50	0.5729279943486774
51	0.2774713314443212
52	0.3458514308170619
53	0.21310387296367062
54	0.3782456934440368
55	0.2775331094945303
56	0.26238965809816667
57	0.3949960352510182
58	0.2784368720427447
59	0.5860080815322174
6	0.2332989920650156
60	0.5725256614305746
7	0.4773063997825812
8	0.18356835026680537
9	0.46437246782899977
