1	0.6908159074422423
10	0.17883775448910005
11	0.8000443250131931
12	0.4319620198480262
14	0.9201575383978461
15	0.1690308509457033
16	0.7331092305929306
17	0.27651119897006016
18	0.17391152715201538
19	0.6544962831180821
2	0.8227533512074422
20	0.8627455574543496
21	0.40845082472768063
22	0.910465468000326
23	0.4050650193523413
24	0.44636613741673464
25	0.24019223070763077
26	0.6680817497621536
27	0.7749842582921286
28	0.14866055073450882
29	0.026198125853112302
3	0.5098047538220206
30	0.027411588551325396
31	0.14350946197048198
32	0.38124642583151164
33	0.3846717951596814
34	0.0
35	0.8590101659300617
36	0.253555381558393
37	0.25599605579485846
38	1.0
39	0.3514134539440596
4	0.39167472590032015
40	0.0
41	0.9058216273156765
42	0.9428090415820635
43	0.9432422182837983
44	0.22826567551152663
45	0.2721637030676402
46	0.09266523443485947
47	0.44735842237672524
48	0.45293868766553685
49	0.41666666666666674
5	0.6514265576024516
50	0.6893203883495146
51	-0.9999999999999998
52	0.38694795899903667
53	0.4900980294098035
54	0.9557896392964647
55	0.4725982150425214
56	0.3409574254459905
57	0.363546022652078
58	0.3528981919614791
59	0.9323464747969038
6	0.19781414201873615
60	0.30348848933344197
7	0.7489308618940976
8	0.1318894409176864
9	0.7385489458759965
