1	0.12440274548941405
10	0.5901759810823387
11	0.44718766467359444
12	0.23168771081231412
13	-0.17407765595569785
14	0.8773824395270644
15	0.33612278224367753
16	0.06786394856556204
17	0.22655831772122467
18	0.24131665313809078
19	0.7223641772106055
2	0.8020304568527918
20	0.9472862948115691
21	0.4499645545513399
22	0.489579295030378
23	0.35043683993205377
24	0.1606851307796634
25	0.6277801510306267
26	0.23411018779745021
27	0.7392906213419833
28	0.18301274294766795
29	0.5296125139707789
3	0.3435953324938578
30	0.10567428497954051
31	0.09652341781316803
32	0.16887448291407414
33	0.4070467926181641
34	0.7122218426597098
35	0.1169683539706488
36	0.6110144094531542
37	0.6506159014557671
38	0.38694795899903656
39	0.6125603273669736
4	0.9468641529479986
40	0.15830297101850066
41	0.18293186935553618
42	0.31187247023418024
43	0.19595961368266712
44	0.2519814525759796
45	0.43138373206386593
46	0.1700539349876939
47	0.26737232567901253
48	0.345851430817062
49	0.45021080328812524
5	0.596634616981165
50	0.7112948534273875
51	0.037037037037037035
52	0.9999999999999998
53	0.026168955732628674
54	0.7885138597692652
55	0.1381069262084957
56	0.4040950290807669
57	0.37589238495679894
58	8.43737923923979E-4
59	0.8789302488553575
6	0.39195380896669424
60	0.2703449025978475
7	0.1101598477530048
8	0.1917204697459068
9	0.039303123810650625
