1	0.9337501538023794
10	0.7600909644944022
11	0.804084401128346
12	0.7009130258223497
13	0.0
14	0.8764598212022146
15	0.26322992125835554
16	0.9655351182200103
17	0.05513349465842533
18	0.413019714155313
19	0.7295790779032585
2	1.0000000000000002
20	1.0
21	0.9490707529566205
22	0.9128709291752768
23	0.8876253645985945
24	0.7561670769379999
25	0.8992681024914257
26	0.7158894603179119
27	0.9247740932248301
28	0.3502314811353849
29	0.8238858408710995
3	0.9421210843581294
30	0.30177613381674856
31	0.3333333333333333
32	0.9140306216977252
33	0.75949455997117
34	0.6123724356957945
35	0.705909444241564
36	0.9417836915869432
37	0.9496696264729197
38	0.8627455574543497
39	0.758199185732715
4	0.9128709291752768
40	1.0
41	0.9999999999999998
42	0.9999999999999998
43	1.0000000000000002
44	0.8002304995805997
45	0.8770580193070293
46	0.0
47	0.9010989010989011
48	0.950018359675712
49	0.012203291671705642
5	0.9177788727679403
50	0.817652884578373
51	0.0
52	0.9472862948115691
53	0.6030226891555271
54	0.9351438002390361
55	0.7489287199466276
56	0.9790809223729897
57	0.9150772561270237
58	0.0528305648327014
59	0.9711660993992187
6	0.8977584024968697
60	0.6826561487862892
7	0.9168894559922718
8	0.8329179223149898
9	0.8703882797784892
