1	0.9365547100184192
10	0.6806659626466627
11	1.0000000000000002
12	0.7004041959724749
13	0.0
14	0.13867504905630731
15	0.447213595499958
16	0.5377060884116286
17	0.5890245250136349
18	0.662629397285908
19	0.42447635997800887
2	0.804803245292489
20	0.9711660993992188
21	0.9467531164008038
22	0.8838834764831843
23	0.8206555975292543
24	0.7772458770601026
25	0.8449717948268375
26	0.6704202675375397
27	0.9438798074485388
28	0.4548372232964766
29	0.5312796481290518
3	0.7574332837173637
30	0.14215612354490287
31	0.1976423537605237
32	0.8997671022677775
33	0.6942170720498069
34	1.0
35	0.807410347229262
36	0.7796102922564632
37	0.6441217087096434
38	0.9323464747969038
39	0.9811557810392123
4	0.8838834764831843
40	0.5921565254637922
41	0.820412654142367
42	0.968245836551854
43	0.9415544714433867
44	0.435476790562396
45	0.7990428385199252
46	0.49236596391733095
47	0.7034898429854363
48	0.5860080815322174
49	0.7337993857053428
5	0.8383803551716217
50	0.8652899256018457
51	0.0
52	0.8789302488553576
53	0.3015113445777636
54	0.8134892168199607
55	0.7368499582429024
56	0.6754768379034056
57	0.7604691006293735
58	0.3144025425962191
59	0.9999999999999999
6	0.8390804597701149
60	0.618589574131742
7	0.662266178532522
8	0.09939050778826468
9	0.8703882797784892
