1	0.5288706029413726
10	0.7900821434530759
11	0.742425869867695
12	0.4875820476038675
13	0.0
14	0.9547032697824666
15	0.48374383424080136
16	0.6323380568553354
17	0.43655458315894047
18	0.26825356053545285
19	1.0000000000000002
2	0.9315420132168274
20	0.7295790779032585
21	0.7007084071133716
22	0.9819805060619656
23	0.8754859793464345
24	0.6476631758279467
25	0.5677265132924424
26	0.326631554935856
27	0.8673185089295316
28	0.2622948732889986
29	0.5686103584047052
3	0.40802347173958103
30	0.2082949395140843
31	0.4108125689792242
32	0.6479593654146081
33	0.728411375507623
34	0.9432422182837987
35	0.6101557275771236
36	0.2776412429227578
37	0.6641330354523187
38	0.6544962831180821
39	0.7291259931992619
4	0.9778803607803975
40	0.7740702698132099
41	0.6863515362935738
42	0.9542374472273958
43	0.8703882797784892
44	0.45212754966062557
45	0.6545617216599625
46	0.3569235043754017
47	0.3944314001506515
48	0.6769479563235162
49	0.5445178204880909
5	0.41005259431258806
50	0.6096198517407084
51	-0.4999999999999999
52	0.722364177210606
53	0.7106690545187015
54	0.9571426248774515
55	0.5007467291559644
56	0.4820134401878636
57	0.3613326205480326
58	0.3923495195026738
59	0.42447635997800887
6	0.737322027350796
60	0.4504873010125712
7	0.317397947574391
8	0.5719031343322785
9	0.42817441928883754
