1	0.38298219089112395
10	0.32618750352553666
11	0.3700597624291389
12	0.6235294822373356
13	0.0
14	0.5683985600588051
15	0.10917341126549245
16	0.18222539974683122
17	0.2899066008221805
18	0.24537656971694982
19	0.7373220273507961
2	0.962395683039857
20	0.8977584024968697
21	0.7274914312438712
22	0.6708203932499369
23	0.3837114974487164
24	0.4425802640477049
25	0.6859579292038072
26	0.5017548846378721
27	0.8578866336760514
28	0.11733998977639935
29	0.5561080959076885
3	0.5259267081535116
30	-0.023354156457533692
31	-0.049507377148833694
32	0.23495592298797607
33	0.45968905545757255
34	0.9738163552145481
35	0.5056977734035141
36	0.6013158752405658
37	0.8337505000736476
38	0.19781414201873618
39	0.5880607627805152
4	0.3274153858318304
40	0.25000000000000006
41	0.6231407383092852
42	0.47641532075901044
43	0.13736056394868906
44	0.21523381287955234
45	0.34535933382251427
46	0.19016405491059388
47	0.5715289852782596
48	0.23329899206501573
49	0.609684581831195
5	0.682631845748783
50	0.8154811277380793
51	-0.8705715001320139
52	0.3919538089666944
53	0.35355339059327373
54	0.9689071235282217
55	-0.010005647637914783
56	0.3454248976093902
57	0.4290749079082743
58	0.0392094157254067
59	0.8390804597701149
6	1.0000000000000002
60	0.261203799262499
7	0.5773502691896257
8	0.07652567259319651
9	0.6051201657116568
