1	0.7258005817863091
10	0.5062334716754895
11	0.9338592095470354
12	0.643834323090515
13	0.0
14	0.609425284144605
15	0.10527936095153946
16	0.37779940578000293
17	0.27539744840543595
18	0.19476329366017828
19	0.27764124292275777
2	0.6617544314513379
20	0.9417836915869434
21	0.5391532200433008
22	0.5570860145311557
23	0.3676621061724936
24	0.3107143592381807
25	0.5500224468460301
26	0.426165109974569
27	0.42127221966365785
28	0.22461093379976418
29	0.45231651234053305
3	0.6109515637487628
30	0.20948941710346583
31	0.5703499672580878
32	0.4365061190922782
33	0.5032852688802267
34	0.5227083734893168
35	0.0872493939658314
36	0.9999999999999998
37	0.6492143174560063
38	0.253555381558393
39	0.47813444801039845
4	0.40369556112894905
40	0.6374285090633041
41	0.3050266170572693
42	0.897315461837001
43	0.8109307588519343
44	0.32676403720422836
45	0.447069474809474
46	0.3859787187163905
47	0.5148214072546051
48	0.2790063628827589
49	0.5693882362924259
5	0.5701548461934063
50	0.5517552585361049
51	0.0
52	0.6110144094531541
53	0.6166698388447786
54	0.9179869280115048
55	0.38548042914001346
56	0.8662651709012399
57	0.4494675593843756
58	0.28168330141234416
59	0.7796102922564632
6	0.6013158752405657
60	0.41279691744227254
7	0.41513904361299825
8	0.22457093458425526
9	0.8017837257372729
