1	0.4308754370706943
10	0.6983799021553295
11	0.806225774829855
12	0.36153747699216027
13	0.0
14	0.8974476982721724
15	0.3271046552263327
16	0.4398788917054511
17	0.3569967769259533
18	0.3050153939495796
19	0.6476631758279466
2	0.762458340267651
20	0.7561670769379999
21	0.573193340187066
22	0.9526610232449338
23	0.41024716537590267
24	0.9999999999999999
25	0.41470079251265485
26	0.319527016223566
27	0.24257385854900365
28	0.2276170043706368
29	0.41080184277598825
3	0.41440888947388477
30	0.11569845577911247
31	0.29668305198196493
32	0.3896730719654504
33	0.11975649904419113
34	0.6757246285173464
35	0.47706738477613325
36	0.3107143592381808
37	0.7293645075136191
38	0.44636613741673475
39	0.611046297579666
4	0.8198915917499228
40	0.7607257743127309
41	0.5119179012414081
42	0.5228351798213269
43	0.6335066203592329
44	0.20760599428548893
45	0.43044599031104
46	0.2928666332775409
47	0.3130925335073491
48	0.2938291722458966
49	0.3148716092908292
5	0.3748246674588044
50	0.622973109833585
51	0.3273268353539886
52	0.16068513077966337
53	0.4247810557837727
54	0.7610782069349786
55	0.37848672087813395
56	0.25819888974716104
57	0.2534390055408526
58	0.2900836300199372
59	0.7772458770601026
6	0.4425802640477048
60	0.5115743738394345
7	0.847976957124173
8	0.07190766882997993
9	0.6617146798250337
