1	0.8319154067205802
10	0.26842463974468855
11	0.8677218312746248
12	0.636103844742913
13	0.0
14	0.0
15	0.3386566417384302
16	0.3069282969483154
17	0.40951725577647835
18	0.4094264468289749
19	0.5686103584047052
2	0.8888031674084941
20	0.8238858408710995
21	0.5160495431343256
22	0.33709993123162096
23	0.7707586376752585
24	0.4108018427759881
25	0.5261996249736957
26	0.592595708124595
27	0.7756710063309421
28	0.43629203294339247
29	1.0
3	0.5402828035608828
30	0.2507231232006484
31	0.06611073566849314
32	0.5603773255396018
33	0.4523399984738443
34	0.7905694150420945
35	0.6966901059724404
36	0.4523165123405331
37	0.7542530330036966
38	0.026198125853112302
39	0.061655316068647575
4	0.6376804093660592
40	0.3834824944236852
41	0.5138915323706487
42	0.6138245895861675
43	0.34286375654996776
44	0.6098992736737946
45	0.5653373815808751
46	0.39257588192344156
47	0.5038503038465301
48	0.3629380098306765
49	0.23464463834906402
5	0.4330878525470364
50	0.5352365254237922
51	0.0
52	0.529612513970779
53	0.6793662204867574
54	0.4330127018922193
55	0.352302286710299
56	0.47530480974823514
57	0.5540522810365232
58	0.30976623784619667
59	0.5312796481290518
6	0.5561080959076884
60	0.43614545882182304
7	0.41136206679760845
8	0.45686273116635784
9	0.14484136487558025
