1	0.3831779407250959
10	0.1900824748157849
11	0.8040302522073697
12	0.3215336518876176
13	0.0
14	0.836698656172646
15	0.3544620886061482
16	0.3707745907293928
17	0.36688347930126625
18	0.18572549216297896
19	0.32663155493585616
2	0.6276572292065191
20	0.7158894603179119
21	0.6432384686146879
22	0.2176305046452554
23	0.2517809090942438
24	0.3195270162235664
25	0.3222993742669319
26	1.0
27	0.4627929436037269
28	0.2578037245152523
29	0.592595708124595
3	0.3093988484250721
30	0.15615774947715436
31	0.38273895035157157
32	0.19926998074917052
33	0.25899048111057066
34	0.9185586535436917
35	0.46503663314991284
36	0.4261651099745689
37	0.5113143943193187
38	0.6680817497621536
39	0.8410596026490066
4	0.3794021879778886
40	0.30143524378286696
41	0.4086079849399811
42	0.5028353553357978
43	0.7268777929314035
44	0.3079653957958942
45	0.3084193870607675
46	0.07046263799020105
47	0.27841838088140436
48	0.46507291381588833
49	0.542538946651964
5	0.3690073482982912
50	0.6970626158019474
51	0.0
52	0.23411018779744935
53	0.2603437196348713
54	0.8970891825734566
55	0.424944985576394
56	0.3413783976479899
57	0.3112081797632364
58	0.29703148922425326
59	0.6704202675375397
6	0.5017548846378721
60	0.42563064584400057
7	0.39799544584345437
8	0.13708705693031817
9	0.4820037201172792
