1	0.5014880985284923
10	0.2566396178498174
11	0.2739745147626949
12	0.7898219257498246
14	0.2611164839335467
15	0.6561191314530852
16	-0.004803844614152571
17	0.10604944824604036
18	0.17782517278704102
19	0.4108125689792243
2	0.2696799449852968
20	0.3333333333333333
21	-0.24999999999999994
22	0.18633899812498247
23	0.21195399127990533
24	0.29668305198196493
25	0.4245110860871391
26	0.38273895035157157
27	0.058148380462958074
28	0.24064162001109793
29	0.06611073566849307
3	0.5624813381435535
30	0.1322959691092122
31	0.9999999999999999
32	0.1564161737720103
33	0.24578204939437548
34	0.0
35	0.23408229439226114
36	0.5703499672580876
37	0.4014775342734831
38	0.14350946197048198
39	0.3110249231497473
4	0.14484136487558033
40	0.0
41	0.5803048606924498
42	0.4082482904638629
43	0.0
44	0.156662573479452
45	0.27003086243366087
46	0.26776267454806063
47	0.5415612768886917
48	0.31222039088050035
49	0.4793103448275862
5	0.6461630524809191
50	0.5111656508223583
51	0.0
52	0.09652341781316807
53	0.4338609156373123
54	0.3823529411764706
55	0.09766102480385468
56	0.39647579368909436
57	0.2193804411020284
58	0.2821362541307085
59	0.1976423537605237
6	-0.049507377148833714
60	0.6909801595573183
7	0.6105716541821835
8	0.4852175119813982
9	0.22821773229381923
