1	0.8360078294544202
10	0.958706236059213
11	0.9101820546182063
12	0.5345224838248488
13	0.0
14	0.958706236059213
15	0.2548235957188128
16	0.8001794375154963
17	0.048294241496488664
18	0.4964787624061779
19	0.9819805060619656
2	0.9128709291752768
20	0.9128709291752768
21	0.5929270612815711
22	1.0000000000000002
23	0.612440655206472
24	0.9526610232449338
25	0.9759000729485331
26	0.2176305046452555
27	0.9128709291752768
28	-0.08648775001288213
29	0.33709993123162096
3	0.48211883221470236
30	0.008986590807685855
31	0.18633899812498247
32	0.44989797492170536
33	0.5832470605630126
34	0.8703882797784892
35	0.782992068027397
36	0.5570860145311557
37	0.9128709291752768
38	0.9104654680003259
39	0.9185586535436917
4	1.0
40	0.0
41	0.9128709291752769
42	0.9128709291752768
43	0.0
44	0.3902343623332089
45	0.7474825474418507
46	0.048761843600343406
47	0.5945204331682347
48	0.7905694150420948
49	0.674199862463242
5	0.9191450300180577
50	0.7716774657271722
51	-0.9999999999999998
52	0.48957929503037806
53	0.8703882797784892
54	0.958706236059213
55	0.10308374045052708
56	0.6540771372005375
57	0.45342265631875733
58	0.13168801833658722
59	0.8838834764831843
6	0.6708203932499369
60	0.41522739926869995
7	0.75
8	0.23858967760504668
9	0.8660254037844385
