1,1	0.9999999999999998
1,10	0.6267690781342249
1,11	0.906494207773362
1,12	0.5299140480989702
1,13	0.0
1,14	0.6113149794833975
1,15	0.5431204538439778
1,16	0.2764067523397482
1,17	0.2380814749669225
1,18	0.3499055511488177
1,19	0.5288706029413726
1,2	0.9263103407916956
1,20	0.933750153802379
1,21	0.5741192363184245
1,22	0.8360078294544202
1,23	0.7124397676542286
1,24	0.4308754370706941
1,25	0.6772119393918103
1,26	0.38317794072509587
1,27	0.8504476439179525
1,28	0.272064082068729
1,29	0.8319154067205804
1,3	0.7794360300272635
1,30	0.23496789583955838
1,31	0.5014880985284923
1,32	0.7067915753542373
1,33	0.5184301362394316
1,34	0.6446583712203041
1,35	0.4336908741196557
1,36	0.7258005817863094
1,37	0.8482931856991747
1,38	0.6908159074422422
1,39	0.6253340406679675
1,4	0.8859366348279275
1,40	0.4422319942582256
1,41	0.7137464271463297
1,42	0.9833081801596844
1,43	0.5106971540538452
1,44	0.3527075495377117
1,45	0.3324491989124176
1,46	0.2358456499651024
1,47	0.5061300953176134
1,48	0.535788842979796
1,49	0.19781414201873615
1,5	0.6475866014851582
1,50	0.8498107930273523
1,51	0.6123724356957946
1,52	0.12440274548941413
1,53	0.8416254115301732
1,54	0.7528074091628109
1,55	0.25122672095796644
1,56	0.8605151397295094
1,57	0.42396998744815234
1,58	0.34615399311042633
1,59	0.9365547100184192
1,6	0.382982190891124
1,60	0.17026775793766546
1,7	0.7513428837969106
1,8	0.2305829756740468
1,9	0.7661308776828737
10,1	0.626769078134225
10,10	0.9999999999999998
10,11	0.8695012814895948
10,12	0.3960126726082885
10,13	0.0
10,14	0.9861168645694258
10,15	0.544943370302051
10,16	0.4759111318934036
10,17	0.5717393462736051
10,18	0.4173303795856906
10,19	0.7900821434530761
10,2	0.9238809633728572
10,20	0.7600909644944022
10,21	0.9191450300180577
10,22	0.958706236059213
10,23	0.2856022189181667
10,24	0.6983799021553295
10,25	0.7882634225314346
10,26	0.19008247481578486
10,27	0.8872139507342688
10,28	0.31479658398149724
10,29	0.2684246397446885
10,3	0.6146000210361576
10,30	0.11487505538478213
10,31	0.2566396178498174
10,32	0.7027414573251551
10,33	0.6032380982470856
10,34	0.875
10,35	0.7992228513451373
10,36	0.5062334716754895
10,37	0.7895174259998614
10,38	0.17883775448910005
10,39	0.4423198587248291
10,4	0.9649012813540154
10,40	0.0
10,41	0.7745966692414834
10,42	0.8574957348575766
10,43	0.6123724356957946
10,44	0.4473448650384872
10,45	0.2673275215833284
10,46	0.35758365389646396
10,47	0.732785570519284
10,48	0.2363213326748724
10,49	0.7592566023652967
10,5	0.8704706655745923
10,50	0.8052706076146673
10,51	-0.9999999999999998
10,52	0.5901759810823387
10,53	0.8834522085987725
10,54	0.9510344374630683
10,55	0.060906419570403776
10,56	0.551514020091562
10,57	0.46003091046380373
10,58	0.1965376657565702
10,59	0.6806659626466627
10,6	0.3261875035255366
10,60	0.6142951168339512
10,7	0.6454972243679029
10,8	0.2834091589440663
10,9	0.8910421112136303
11,1	0.9064942077733619
11,10	0.8695012814895949
11,11	1.0
11,12	0.47519096331149147
11,14	0.9128709291752768
11,15	0.2927700218845599
11,16	0.8133948015337397
11,17	0.6565321642986126
11,18	0.5066859812605089
11,19	0.7424258698676951
11,2	1.0
11,20	0.804084401128346
11,21	0.0
11,22	0.9101820546182061
11,23	0.936995548746168
11,24	0.8062257748298548
11,25	0.8690481892534817
11,26	0.8040302522073696
11,27	1.0000000000000002
11,28	0.4788656831167454
11,29	0.8677218312746248
11,3	0.6461680350030748
11,30	0.38127783351717204
11,31	0.2739745147626949
11,32	0.9016114605562928
11,33	0.4740783452863865
11,34	0.0
11,35	0.5123475382979799
11,36	0.9338592095470355
11,37	1.0000000000000002
11,38	0.8000443250131929
11,39	0.7597456497402568
11,4	0.6643638388299198
11,40	0.0
11,41	0.9999999999999999
11,42	0.9682458365518539
11,43	0.8783100656536799
11,44	0.5522385703666393
11,45	0.8722282147777605
11,46	0.6225430174794673
11,47	0.7112439299095955
11,48	0.6772970365810973
11,49	0.43915503282683993
11,5	1.0000000000000002
11,50	0.9682458365518544
11,51	-0.13483997249264842
11,52	0.4471876646735942
11,53	1.0000000000000002
11,54	0.9325048082403138
11,55	0.5679618342470648
11,56	0.5626178834732709
11,57	0.44746936537817317
11,58	0.7919091171097598
11,59	1.0000000000000002
11,6	0.37005976242913896
11,60	-0.025507216374642358
11,7	0.875
11,8	0.2736721543382795
11,9	1.0000000000000002
12,1	0.5299140480989702
12,10	0.39601267260828843
12,11	0.47519096331149147
12,12	1.0
12,13	0.0
12,14	0.44346340998313405
12,15	0.5411194715596587
12,16	0.31424332340140415
12,17	0.38993326048076205
12,18	0.15056494382338273
12,19	0.4875820476038676
12,2	0.7667484762335374
12,20	0.7009130258223497
12,21	0.3402785236893603
12,22	0.5345224838248488
12,23	0.5736175981896025
12,24	0.36153747699216027
12,25	0.5416936059657779
12,26	0.32153365188761757
12,27	0.5380530800046193
12,28	0.30430085797167583
12,29	0.6361038447429131
12,3	0.7755798156736721
12,30	0.337837177516747
12,31	0.7898219257498245
12,32	0.1849920225197418
12,33	0.38351223537497575
12,34	0.5773502691896257
12,35	0.7025323298298787
12,36	0.6438343230905152
12,37	0.6566107861974994
12,38	0.4319620198480262
12,39	0.6757246285173463
12,4	0.5345224838248488
12,40	-0.32274861218395134
12,41	0.7924058156930615
12,42	0.6761234037828132
12,43	0.2836543144655877
12,44	0.16458410326045808
12,45	0.5793147715603879
12,46	0.3263745524255202
12,47	0.48803967636894113
12,48	0.21138528383243535
12,49	0.6073322476341871
12,5	0.4153086880469644
12,50	0.7247308640483067
12,51	0.7388664511337207
12,52	0.23168771081231412
12,53	0.6599120175960899
12,54	0.41149006234416485
12,55	0.34667632285535827
12,56	0.46206158938018216
12,57	0.26707816534664597
12,58	0.32909302357617054
12,59	0.7004041959724749
12,6	0.6235294822373356
12,60	0.6063390625908325
12,7	0.49340536968447574
12,8	0.3000727780358939
12,9	0.6956083436402524
13,1	0.0
13,10	0.0
13,12	0.0
13,13	0.9999999999999999
13,15	0.0
13,16	0.8291561975888501
13,17	0.0
13,18	0.2916916755984739
13,19	0.0
13,2	0.0
13,20	0.0
13,21	0.0
13,22	0.0
13,23	0.0
13,24	0.0
13,25	0.0
13,26	0.0
13,27	0.0
13,28	0.10016708449412666
13,29	0.0
13,3	0.0
13,30	0.11194658507092627
13,32	0.0
13,33	0.16477051091432693
13,34	0.0
13,35	0.0
13,36	0.0
13,37	0.0
13,39	0.0
13,4	0.0
13,40	0.0
13,41	0.0
13,42	0.0
13,43	0.0
13,44	0.2036532699906392
13,45	0.0
13,46	0.5000000000000001
13,47	0.0
13,48	0.3162277660168379
13,5	0.0
13,50	0.0
13,52	-0.17407765595569785
13,53	0.0
13,54	0.0
13,55	-0.08574929257125444
13,56	0.0
13,57	0.8728715609439693
13,58	-0.07497072027996957
13,59	0.0
13,6	0.0
13,60	0.0
13,7	0.0
13,8	-0.5909368402852789
13,9	0.0
14,1	0.6113149794833975
14,10	0.986116864569426
14,11	0.9128709291752768
14,12	0.44346340998313405
14,14	1.0
14,15	0.472455591261534
14,16	0.2773500981126146
14,17	0.8171869346823522
14,18	0.25
14,19	0.9547032697824666
14,2	0.8006407690254357
14,20	0.8764598212022146
14,21	0.0
14,22	0.958706236059213
14,23	0.6060549347352335
14,24	0.8974476982721726
14,25	0.7912440035606791
14,26	0.836698656172646
14,27	0.7607204822889371
14,28	0.4151922892645606
14,29	0.0
14,3	0.8875203139603665
14,30	0.35276169592998136
14,31	0.2611164839335467
14,32	0.3529184543300314
14,33	0.6007063042561348
14,34	0.0
14,35	0.7089490077940542
14,36	0.609425284144605
14,37	0.8744746321952059
14,38	0.9201575383978459
14,39	0.9709360728752817
14,4	0.8964214570007952
14,40	0.5041841733655161
14,41	0.7637626158259733
14,42	0.8685990362153794
14,43	0.8750000000000001
14,44	0.7227520229346998
14,45	0.7543365091413573
14,46	0.3383414385564758
14,47	0.7583722888333069
14,48	0.471870105616408
14,49	0.4050462936504913
14,5	0.3869395588747966
14,50	0.8068715304598784
14,51	-0.9999999999999998
14,52	0.8773824395270646
14,53	0.7637626158259733
14,54	0.984731927834662
14,55	0.5838742081211422
14,56	0.9379429217827664
14,57	0.5337754219869237
14,58	0.4671481828597474
14,59	0.1386750490563073
14,6	0.5683985600588052
14,60	0.4285714285714285
14,7	0.6363636363636364
14,8	0.3534976101169955
14,9	0.8528028654224417
15,1	0.5431204538439774
15,10	0.5449433703020511
15,11	0.2927700218845599
15,12	0.5411194715596586
15,13	0.0
15,14	0.472455591261534
15,15	0.9999999999999999
15,16	0.041086180789929046
15,17	0.4414253263796292
15,18	0.25678837031215507
15,19	0.48374383424080136
15,2	0.4435327625727437
15,20	0.26322992125835554
15,21	0.08421519210665195
15,22	0.2548235957188128
15,23	0.6358558550989459
15,24	0.32710465522633264
15,25	0.5928701515604371
15,26	0.3544620886061482
15,27	0.6778596247646528
15,28	0.25825030437926244
15,29	0.3386566417384302
15,3	0.3456140223291052
15,30	0.2964458583160473
15,31	0.656119131453085
15,32	0.062017367294604275
15,33	0.5813702384686875
15,34	0.0
15,35	0.37776465038198603
15,36	0.10527936095153946
15,37	0.37896836447993343
15,38	0.1690308509457033
15,39	0.318986523990091
15,4	0.5962847939999439
15,40	0.0
15,41	0.41089070180665904
15,42	0.29277002188455997
15,43	0.0
15,44	0.4216289836557402
15,45	0.7656792727738334
15,46	0.4075176140831303
15,47	0.24697626473812923
15,48	0.16372832289052916
15,49	0.7240521336304995
15,5	0.35928215282510967
15,50	0.6779363287563706
15,51	-0.4472135954999579
15,52	0.33612278224367753
15,53	0.18463723646899913
15,54	0.2760262237369417
15,55	0.6056951712211334
15,56	0.04702564066699709
15,57	0.480429540424549
15,58	0.30725780452751006
15,59	0.447213595499958
15,6	0.10917341126549249
15,60	0.8700568258333311
15,7	0.6918607726062581
15,8	0.17385016708940754
15,9	-0.09090909090909091
16,1	0.27640675233974826
16,10	0.47591113189340356
16,11	0.8133948015337397
16,12	0.31424332340140415
16,13	0.8291561975888501
16,14	0.27735009811261463
16,15	0.041086180789929046
16,16	1.0
16,17	0.33049917705410653
16,18	0.2839209166107776
16,19	0.6323380568553354
16,2	0.7059515949730568
16,20	0.9655351182200103
16,21	0.22783789425631018
16,22	0.8001794375154965
16,23	0.2977417971232079
16,24	0.4398788917054507
16,25	0.5275864865160802
16,26	0.3707745907293931
16,27	0.5935256753272996
16,28	0.24634364703947323
16,29	0.3069282969483154
16,3	0.07093215912683586
16,30	0.1710568924768812
16,31	-0.004803844614152618
16,32	0.4458943493137035
16,33	0.29605124519647646
16,34	0.6000991981489792
16,35	0.5855644793599178
16,36	0.37779940578000293
16,37	0.5117342159069218
16,38	0.7331092305929306
16,39	0.844424174506864
16,4	0.9252041487854825
16,40	0.7543422685124546
16,41	0.468464736348986
16,42	0.4538776288392989
16,43	0.7221603618021688
16,44	0.3780514319011043
16,45	0.4957889815032029
16,46	0.1780916106725885
16,47	0.05395304311801465
16,48	0.3327024414152426
16,49	0.07029019463944165
16,5	0.25700903849929285
16,50	0.6909200918942157
16,51	0.33995005182504245
16,52	0.06786394856556202
16,53	0.49497474683058323
16,54	0.8983263773759129
16,55	0.29657692945788044
16,56	0.43617941191603565
16,57	0.18457360184886057
16,58	0.3380086577288918
16,59	0.5377060884116287
16,6	0.18222539974683125
16,60	0.24862636323035148
16,7	0.7346954262012565
16,8	0.12697260984213143
16,9	0.6273207543060624
17,1	0.23808147496692256
17,10	0.5717393462736052
17,11	0.6565321642986126
17,12	0.389933260480762
17,13	0.0
17,14	0.8171869346823522
17,15	0.4414253263796294
17,16	0.3304991770541065
17,17	1.0000000000000002
17,18	0.09370882463294299
17,19	0.4365545831589404
17,2	0.6179077013282606
17,20	0.05513349465842533
17,21	0.20416143158628997
17,22	0.048294241496488664
17,23	0.38371055576265106
17,24	0.35699677692595333
17,25	0.19088864712314305
17,26	0.36688347930126675
17,27	0.6215405214180145
17,28	0.22107662366949776
17,29	0.40951725577647863
17,3	0.2545214226213878
17,30	0.2142365957985524
17,31	0.10604944824604035
17,32	0.18614121862200556
17,33	0.1236803648758628
17,34	0.4
17,35	0.5238101271161382
17,36	0.27539744840543606
17,37	0.44834511012424494
17,38	0.2765111989700601
17,39	0.6020079537407
17,4	0.6856034446626804
17,40	0.31921603959231953
17,41	0.36469840431289835
17,42	0.19156525704423025
17,43	0.34621979296460725
17,44	0.25455893495936516
17,45	0.2733468714291899
17,46	0.20908386433000836
17,47	0.344803658249313
17,48	0.026663777990696563
17,49	-0.28867513459481287
17,5	0.40529820384668563
17,50	0.48586863939734437
17,51	-0.4472135954999579
17,52	0.2265583177212247
17,53	-0.03944706817271966
17,54	0.7092993656151906
17,55	0.3991107038599672
17,56	0.4624677997437166
17,57	0.11524441479015854
17,58	0.3414475986407021
17,59	0.5890245250136348
17,6	0.2899066008221805
17,60	0.1429582005393509
17,7	0.6763949524591825
17,8	0.1177576548848301
17,9	-0.10003062630871665
18,1	0.3499055511488179
18,10	0.4173303795856905
18,11	0.506685981260509
18,12	0.15056494382338273
18,13	0.2916916755984738
18,14	0.25
18,15	0.256788370312155
18,16	0.2839209166107776
18,17	0.09370882463294292
18,18	1.0
18,19	0.2682535605354529
18,2	0.6528625492373729
18,20	0.413019714155313
18,21	0.387259598678823
18,22	0.496478762406178
18,23	0.4234190283275083
18,24	0.30501539394957977
18,25	0.35920253174615935
18,26	0.185725492162979
18,27	0.5144397753213169
18,28	0.20947970299071092
18,29	0.4094264468289748
18,3	0.30830427471919847
18,30	0.165216303189944
18,31	0.17782517278704105
18,32	0.1811487144077799
18,33	0.2147586351232103
18,34	0.8634624345543498
18,35	0.4268988215539835
18,36	0.19476329366017825
18,37	0.5786486020045535
18,38	0.17391152715201547
18,39	0.4249009070952006
18,4	0.5599759354355559
18,40	0.3368594277592665
18,41	0.371258816233934
18,42	0.576947183287683
18,43	0.28962293710578446
18,44	0.26528155986624075
18,45	0.21399094570680502
18,46	0.15095027640599964
18,47	0.20202824751683982
18,48	0.3092963690172233
18,49	0.5839689998134331
18,5	0.2941113627784242
18,50	0.4440890153978891
18,51	0.3629150273454803
18,52	0.24131665313809061
18,53	0.5802207155823121
18,54	0.7001014493856176
18,55	0.30498326929555736
18,56	0.2869250066515877
18,57	0.2780773105781215
18,58	0.2061674307142616
18,59	0.662629397285908
18,6	0.24537656971694952
18,60	0.31861824225215246
18,7	0.3387421861190549
18,8	0.1877730793319164
18,9	0.05481612620668937
19,1	0.5288706029413726
19,10	0.7900821434530759
19,11	0.742425869867695
19,12	0.4875820476038675
19,13	0.0
19,14	0.9547032697824666
19,15	0.48374383424080136
19,16	0.6323380568553354
19,17	0.43655458315894047
19,18	0.26825356053545285
19,19	1.0000000000000002
19,2	0.9315420132168274
19,20	0.7295790779032585
19,21	0.7007084071133716
19,22	0.9819805060619656
19,23	0.8754859793464345
19,24	0.6476631758279467
19,25	0.5677265132924424
19,26	0.326631554935856
19,27	0.8673185089295316
19,28	0.2622948732889986
19,29	0.5686103584047052
19,3	0.40802347173958103
19,30	0.2082949395140843
19,31	0.4108125689792242
19,32	0.6479593654146081
19,33	0.728411375507623
19,34	0.9432422182837987
19,35	0.6101557275771236
19,36	0.2776412429227578
19,37	0.6641330354523187
19,38	0.6544962831180821
19,39	0.7291259931992619
19,4	0.9778803607803975
19,40	0.7740702698132099
19,41	0.6863515362935738
19,42	0.9542374472273958
19,43	0.8703882797784892
19,44	0.45212754966062557
19,45	0.6545617216599625
19,46	0.3569235043754017
19,47	0.3944314001506515
19,48	0.6769479563235162
19,49	0.5445178204880909
19,5	0.41005259431258806
19,50	0.6096198517407084
19,51	-0.4999999999999999
19,52	0.722364177210606
19,53	0.7106690545187015
19,54	0.9571426248774515
19,55	0.5007467291559644
19,56	0.4820134401878636
19,57	0.3613326205480326
19,58	0.3923495195026738
19,59	0.42447635997800887
19,6	0.737322027350796
19,60	0.4504873010125712
19,7	0.317397947574391
19,8	0.5719031343322785
19,9	0.42817441928883754
2,1	0.9263103407916954
2,10	0.9238809633728572
2,11	1.0
2,12	0.7667484762335374
2,13	0.0
2,14	0.8006407690254357
2,15	0.4435327625727436
2,16	0.7059515949730566
2,17	0.6179077013282608
2,18	0.6528625492373731
2,19	0.9315420132168272
2,2	0.9999999999999999
2,20	1.0000000000000002
2,21	0.968245836551854
2,22	0.9128709291752768
2,23	0.7902036646570129
2,24	0.762458340267651
2,25	0.8868734084555892
2,26	0.6276572292065193
2,27	0.7648662360221621
2,28	0.372685840858735
2,29	0.888803167408494
2,3	0.9263671131731708
2,30	0.22727525715369237
2,31	0.2696799449852968
2,32	0.34039830017340855
2,33	0.70964713384661
2,34	1.0
2,35	0.8447367914999205
2,36	0.6617544314513379
2,37	0.985104109993904
2,38	0.8227533512074423
2,39	0.9683296637314882
2,4	0.919145030018058
2,40	0.8750000000000001
2,41	1.0
2,42	0.9999999999999998
2,43	0.8064516129032258
2,44	0.4703561103438184
2,45	0.8685990362153793
2,46	0.4441483531015752
2,47	0.8923543557893895
2,48	0.5517415014684882
2,49	0.8050473686826041
2,5	0.6224717976020828
2,50	0.9567973250157652
2,51	0.0
2,52	0.8020304568527918
2,53	1.0
2,54	0.9101820546182063
2,55	0.665955555353176
2,56	0.9738412097417933
2,57	0.9591850389282891
2,58	0.5873876279118797
2,59	0.8048032452924888
2,6	0.962395683039857
2,60	0.6565321642986129
2,7	0.7427198887778832
2,8	0.35734827197358515
2,9	0.958706236059213
20,1	0.9337501538023794
20,10	0.7600909644944022
20,11	0.804084401128346
20,12	0.7009130258223497
20,13	0.0
20,14	0.8764598212022146
20,15	0.26322992125835554
20,16	0.9655351182200103
20,17	0.05513349465842533
20,18	0.413019714155313
20,19	0.7295790779032585
20,2	1.0000000000000002
20,20	1.0
20,21	0.9490707529566205
20,22	0.9128709291752768
20,23	0.8876253645985945
20,24	0.7561670769379999
20,25	0.8992681024914257
20,26	0.7158894603179119
20,27	0.9247740932248301
20,28	0.3502314811353849
20,29	0.8238858408710995
20,3	0.9421210843581294
20,30	0.30177613381674856
20,31	0.3333333333333333
20,32	0.9140306216977252
20,33	0.75949455997117
20,34	0.6123724356957945
20,35	0.705909444241564
20,36	0.9417836915869432
20,37	0.9496696264729197
20,38	0.8627455574543497
20,39	0.758199185732715
20,4	0.9128709291752768
20,40	1.0
20,41	0.9999999999999998
20,42	0.9999999999999998
20,43	1.0000000000000002
20,44	0.8002304995805997
20,45	0.8770580193070293
20,46	0.0
20,47	0.9010989010989011
20,48	0.950018359675712
20,49	0.012203291671705642
20,5	0.9177788727679403
20,50	0.817652884578373
20,51	0.0
20,52	0.9472862948115691
20,53	0.6030226891555271
20,54	0.9351438002390361
20,55	0.7489287199466276
20,56	0.9790809223729897
20,57	0.9150772561270237
20,58	0.0528305648327014
20,59	0.9711660993992187
20,6	0.8977584024968697
20,60	0.6826561487862892
20,7	0.9168894559922718
20,8	0.8329179223149898
20,9	0.8703882797784892
21,1	0.5741192363184247
21,10	0.9191450300180577
21,11	0.0
21,12	0.34027852368936023
21,13	0.0
21,14	0.0
21,15	0.08421519210665188
21,16	0.2278378942563102
21,17	0.20416143158628983
21,18	0.38725959867882265
21,19	0.7007084071133717
21,2	0.968245836551854
21,20	0.9490707529566207
21,21	1.0
21,22	0.5929270612815711
21,23	0.8606629658238703
21,24	0.5731933401870662
21,25	0.840584366804486
21,26	0.6432384686146878
21,27	0.7360677045181884
21,28	0.15632436064366098
21,29	0.5160495431343255
21,3	0.6758897197703692
21,30	0.1560970665831034
21,31	-0.24999999999999994
21,32	0.48279482968681725
21,33	0.645856133055278
21,34	1.0
21,35	0.5610107297906025
21,36	0.5391532200433008
21,37	0.9869275424396534
21,38	0.4084508247276808
21,39	0.6639774272790981
21,4	0.8703882797784892
21,40	0.175187148742135
21,41	0.5916079783099615
21,42	0.7608859102526822
21,43	0.0
21,44	0.4317516517173876
21,45	0.363961101451301
21,46	0.14942528735632182
21,47	0.5991020199507532
21,48	0.540833418051366
21,49	0.13363062095621217
21,5	0.8625916683564174
21,50	0.7717436331412897
21,51	0.0
21,52	0.44996455455134
21,53	0.4950737714883371
21,54	0.9128709291752768
21,55	0.5988916188853965
21,56	0.8399999999999999
21,57	0.6554749394445402
21,58	0.2364764286205966
21,59	0.9467531164008037
21,6	0.7274914312438712
21,60	0.35355339059327373
21,7	0.4487941707625715
21,8	0.333293543408672
21,9	0.17407765595569785
22,1	0.8360078294544202
22,10	0.958706236059213
22,11	0.9101820546182063
22,12	0.5345224838248488
22,13	0.0
22,14	0.958706236059213
22,15	0.2548235957188128
22,16	0.8001794375154963
22,17	0.048294241496488664
22,18	0.4964787624061779
22,19	0.9819805060619656
22,2	0.9128709291752768
22,20	0.9128709291752768
22,21	0.5929270612815711
22,22	1.0000000000000002
22,23	0.612440655206472
22,24	0.9526610232449338
22,25	0.9759000729485331
22,26	0.2176305046452555
22,27	0.9128709291752768
22,28	-0.08648775001288213
22,29	0.33709993123162096
22,3	0.48211883221470236
22,30	0.008986590807685855
22,31	0.18633899812498247
22,32	0.44989797492170536
22,33	0.5832470605630126
22,34	0.8703882797784892
22,35	0.782992068027397
22,36	0.5570860145311557
22,37	0.9128709291752768
22,38	0.9104654680003259
22,39	0.9185586535436917
22,4	1.0
22,40	0.0
22,41	0.9128709291752769
22,42	0.9128709291752768
22,43	0.0
22,44	0.3902343623332089
22,45	0.7474825474418507
22,46	0.048761843600343406
22,47	0.5945204331682347
22,48	0.7905694150420948
22,49	0.674199862463242
22,5	0.9191450300180577
22,50	0.7716774657271722
22,51	-0.9999999999999998
22,52	0.48957929503037806
22,53	0.8703882797784892
22,54	0.958706236059213
22,55	0.10308374045052708
22,56	0.6540771372005375
22,57	0.45342265631875733
22,58	0.13168801833658722
22,59	0.8838834764831843
22,6	0.6708203932499369
22,60	0.41522739926869995
22,7	0.75
22,8	0.23858967760504668
22,9	0.8660254037844385
23,1	0.7124397676542286
23,10	0.2856022189181667
23,11	0.936995548746168
23,12	0.5736175981896026
23,13	0.0
23,14	0.6060549347352338
23,15	0.635855855098946
23,16	0.29774179712320786
23,17	0.38371055576265106
23,18	0.4234190283275081
23,19	0.8754859793464346
23,2	0.790203664657013
23,20	0.8876253645985945
23,21	0.8606629658238703
23,22	0.6124406552064718
23,23	1.0
23,24	0.4102471653759027
23,25	0.5860942701532693
23,26	0.2517809090942439
23,27	0.7883709760238432
23,28	0.28834415101094324
23,29	0.7707586376752585
23,3	0.3223349517336329
23,30	0.2549031723794299
23,31	0.21195399127990533
23,32	0.5197261109084083
23,33	0.47221496930864787
23,34	0.9524241471993241
23,35	0.6241608268139709
23,36	0.3676621061724936
23,37	0.8768115942028986
23,38	0.4050650193523413
23,39	0.9127126507294968
23,4	0.9531576233498552
23,40	0.4708816093480111
23,41	0.4203651119077758
23,42	0.9799578870122228
23,43	0.6229495983549491
23,44	0.5598152738776436
23,45	0.6340732444901837
23,46	0.4665969665802413
23,47	0.5366923037847309
23,48	0.5531641638783785
23,49	0.472988101863693
23,5	0.8011075915211501
23,50	0.7553282490608396
23,51	0.6318006707199482
23,52	0.3504368399320537
23,53	0.14978617237881955
23,54	0.9543135154205278
23,55	0.5331396822236791
23,56	0.37054840769996517
23,57	0.4910980550690549
23,58	0.3921581955471678
23,59	0.8206555975292544
23,6	0.38371149744871624
23,60	0.5980503604017328
23,7	0.8076193189199722
23,8	0.44480136083772115
23,9	0.4954150840221494
24,1	0.4308754370706943
24,10	0.6983799021553295
24,11	0.806225774829855
24,12	0.36153747699216027
24,13	0.0
24,14	0.8974476982721724
24,15	0.3271046552263327
24,16	0.4398788917054511
24,17	0.3569967769259533
24,18	0.3050153939495796
24,19	0.6476631758279466
24,2	0.762458340267651
24,20	0.7561670769379999
24,21	0.573193340187066
24,22	0.9526610232449338
24,23	0.41024716537590267
24,24	0.9999999999999999
24,25	0.41470079251265485
24,26	0.319527016223566
24,27	0.24257385854900365
24,28	0.2276170043706368
24,29	0.41080184277598825
24,3	0.41440888947388477
24,30	0.11569845577911247
24,31	0.29668305198196493
24,32	0.3896730719654504
24,33	0.11975649904419113
24,34	0.6757246285173464
24,35	0.47706738477613325
24,36	0.3107143592381808
24,37	0.7293645075136191
24,38	0.44636613741673475
24,39	0.611046297579666
24,4	0.8198915917499228
24,40	0.7607257743127309
24,41	0.5119179012414081
24,42	0.5228351798213269
24,43	0.6335066203592329
24,44	0.20760599428548893
24,45	0.43044599031104
24,46	0.2928666332775409
24,47	0.3130925335073491
24,48	0.2938291722458966
24,49	0.3148716092908292
24,5	0.3748246674588044
24,50	0.622973109833585
24,51	0.3273268353539886
24,52	0.16068513077966337
24,53	0.4247810557837727
24,54	0.7610782069349786
24,55	0.37848672087813395
24,56	0.25819888974716104
24,57	0.2534390055408526
24,58	0.2900836300199372
24,59	0.7772458770601026
24,6	0.4425802640477048
24,60	0.5115743738394345
24,7	0.847976957124173
24,8	0.07190766882997993
24,9	0.6617146798250337
25,1	0.6772119393918102
25,10	0.7882634225314346
25,11	0.8690481892534816
25,12	0.5416936059657776
25,13	0.0
25,14	0.7912440035606791
25,15	0.5928701515604371
25,16	0.5275864865160802
25,17	0.1908886471231431
25,18	0.359202531746159
25,19	0.5677265132924425
25,2	0.8868734084555892
25,20	0.8992681024914262
25,21	0.840584366804486
25,22	0.9759000729485331
25,23	0.5860942701532695
25,24	0.4147007925126549
25,25	1.0
25,26	0.32229937426693195
25,27	0.7433189072232039
25,28	0.19984505066456007
25,29	0.5261996249736955
25,3	0.5947596244450661
25,30	0.23462428565144258
25,31	0.424511086087139
25,32	0.4286872231109932
25,33	0.5236388051035528
25,34	0.9157484263009925
25,35	0.6239699395540578
25,36	0.5500224468460301
25,37	0.6572126557286111
25,38	0.24019223070763068
25,39	0.41260901856370613
25,4	0.9410999550500218
25,40	0.13483997249264834
25,41	0.4743416490252569
25,42	0.7912272180251639
25,43	0.12909944487358058
25,44	0.26152498394372237
25,45	0.4959923350382013
25,46	0.0631853552555203
25,47	0.48404872389990805
25,48	0.22574692487605194
25,49	0.45447125062764837
25,5	0.5177799092282185
25,50	0.5961881446175246
25,51	-0.9999999999999998
25,52	0.6277801510306267
25,53	0.7661308776828738
25,54	0.7577352304240825
25,55	0.20268279226718397
25,56	0.7420017660889501
25,57	0.2956919240563993
25,58	0.21933171617775055
25,59	0.8449717948268373
25,6	0.6859579292038069
25,60	0.26111648393354675
25,7	0.7182917319666633
25,8	0.31019861468115756
25,9	0.8522482714633915
26,1	0.3831779407250959
26,10	0.1900824748157849
26,11	0.8040302522073697
26,12	0.3215336518876176
26,13	0.0
26,14	0.836698656172646
26,15	0.3544620886061482
26,16	0.3707745907293928
26,17	0.36688347930126625
26,18	0.18572549216297896
26,19	0.32663155493585616
26,2	0.6276572292065191
26,20	0.7158894603179119
26,21	0.6432384686146879
26,22	0.2176305046452554
26,23	0.2517809090942438
26,24	0.3195270162235664
26,25	0.3222993742669319
26,26	1.0
26,27	0.4627929436037269
26,28	0.2578037245152523
26,29	0.592595708124595
26,3	0.3093988484250721
26,30	0.15615774947715436
26,31	0.38273895035157157
26,32	0.19926998074917052
26,33	0.25899048111057066
26,34	0.9185586535436917
26,35	0.46503663314991284
26,36	0.4261651099745689
26,37	0.5113143943193187
26,38	0.6680817497621536
26,39	0.8410596026490066
26,4	0.3794021879778886
26,40	0.30143524378286696
26,41	0.4086079849399811
26,42	0.5028353553357978
26,43	0.7268777929314035
26,44	0.3079653957958942
26,45	0.3084193870607675
26,46	0.07046263799020105
26,47	0.27841838088140436
26,48	0.46507291381588833
26,49	0.542538946651964
26,5	0.3690073482982912
26,50	0.6970626158019474
26,51	0.0
26,52	0.23411018779744935
26,53	0.2603437196348713
26,54	0.8970891825734566
26,55	0.424944985576394
26,56	0.3413783976479899
26,57	0.3112081797632364
26,58	0.29703148922425326
26,59	0.6704202675375397
26,6	0.5017548846378721
26,60	0.42563064584400057
26,7	0.39799544584345437
26,8	0.13708705693031817
26,9	0.4820037201172792
27,1	0.8504476439179527
27,10	0.8872139507342689
27,11	1.0000000000000002
27,12	0.5380530800046193
27,13	0.0
27,14	0.7607204822889371
27,15	0.6778596247646527
27,16	0.5935256753272997
27,17	0.6215405214180141
27,18	0.5144397753213169
27,19	0.8673185089295316
27,2	0.7648662360221621
27,20	0.92477409322483
27,21	0.7360677045181884
27,22	0.9128709291752768
27,23	0.7883709760238432
27,24	0.24257385854900365
27,25	0.7433189072232039
27,26	0.4627929436037269
27,27	1.0000000000000002
27,28	0.47450559823936866
27,29	0.7756710063309423
27,3	0.6092848842499202
27,30	0.3715635552210813
27,31	0.05814838046295808
27,32	0.558420250051284
27,33	0.6343416888210194
27,34	0.9999999999999999
27,35	0.6678432509294406
27,36	0.4212722196636578
27,37	0.8152137861837444
27,38	0.7749842582921286
27,39	0.9684747092264967
27,4	0.9165444688834582
27,40	0.4588314677411235
27,41	0.39297188779668457
27,42	1.0000000000000002
27,43	0.5547294641422117
27,44	0.41808818932206004
27,45	0.6339967389691932
27,46	0.31470810488397244
27,47	0.7076204336877253
27,48	0.39142865448635805
27,49	0.6693696839286681
27,5	0.5501659217294392
27,50	0.7997293778366412
27,51	0.0
27,52	0.7392906213419834
27,53	0.1386750490563073
27,54	0.9211323729436764
27,55	0.32364888900157746
27,56	0.6140833056494275
27,57	0.8121124417314133
27,58	0.26181675818508854
27,59	0.9438798074485388
27,6	0.8578866336760516
27,60	0.4643716460347526
27,7	0.6963106238227914
27,8	0.4092836572782683
27,9	0.621070094044537
28,1	0.2720640820687288
28,10	0.3147965839814972
28,11	0.47886568311674504
28,12	0.3043008579716758
28,13	0.10016708449412666
28,14	0.41519228926456053
28,15	0.2582503043792625
28,16	0.2463436470394729
28,17	0.2210766236694981
28,18	0.20947970299071114
28,19	0.2622948732889985
28,2	0.37268584085873513
28,20	0.3502314811353849
28,21	0.1563243606436611
28,22	-0.08648775001288213
28,23	0.28834415101094324
28,24	0.22761700437063678
28,25	0.19984505066456001
28,26	0.257803724515252
28,27	0.4745055982393687
28,28	1.0
28,29	0.43629203294339236
28,3	0.13382860368014482
28,30	0.18985175488208939
28,31	0.24064162001109762
28,32	0.15450191111501813
28,33	0.0927933132153741
28,34	0.49181713614952055
28,35	0.34205057080711604
28,36	0.22461093379976424
28,37	0.503274817126814
28,38	0.14866055073450868
28,39	0.2648992996642045
28,4	0.5801804175680061
28,40	0.19338219314198327
28,41	0.23756381703487406
28,42	0.3396171459529727
28,43	0.3229969987925598
28,44	0.18341061111302295
28,45	0.2667954304001149
28,46	0.17294738193843096
28,47	0.24602787166829815
28,48	0.32471685200266065
28,49	0.24748560419431573
28,5	0.3393193776584072
28,50	0.36922609514927685
28,51	-0.002332331250845484
28,52	0.18301274294766778
28,53	0.2937046222755041
28,54	0.39749814964666325
28,55	0.20717422954966871
28,56	0.17001090866716345
28,57	0.1492691792052182
28,58	0.27057303613957473
28,59	0.45483722329647636
28,6	0.11733998977639933
28,60	0.2925973947218822
28,7	0.44779702897172097
28,8	0.10866440741612844
28,9	0.38879944554589124
29,1	0.8319154067205802
29,10	0.26842463974468855
29,11	0.8677218312746248
29,12	0.636103844742913
29,13	0.0
29,14	0.0
29,15	0.3386566417384302
29,16	0.3069282969483154
29,17	0.40951725577647835
29,18	0.4094264468289749
29,19	0.5686103584047052
29,2	0.8888031674084941
29,20	0.8238858408710995
29,21	0.5160495431343256
29,22	0.33709993123162096
29,23	0.7707586376752585
29,24	0.4108018427759881
29,25	0.5261996249736957
29,26	0.592595708124595
29,27	0.7756710063309421
29,28	0.43629203294339247
29,29	1.0
29,3	0.5402828035608828
29,30	0.2507231232006484
29,31	0.06611073566849314
29,32	0.5603773255396018
29,33	0.4523399984738443
29,34	0.7905694150420945
29,35	0.6966901059724404
29,36	0.4523165123405331
29,37	0.7542530330036966
29,38	0.026198125853112302
29,39	0.061655316068647575
29,4	0.6376804093660592
29,40	0.3834824944236852
29,41	0.5138915323706487
29,42	0.6138245895861675
29,43	0.34286375654996776
29,44	0.6098992736737946
29,45	0.5653373815808751
29,46	0.39257588192344156
29,47	0.5038503038465301
29,48	0.3629380098306765
29,49	0.23464463834906402
29,5	0.4330878525470364
29,50	0.5352365254237922
29,51	0.0
29,52	0.529612513970779
29,53	0.6793662204867574
29,54	0.4330127018922193
29,55	0.352302286710299
29,56	0.47530480974823514
29,57	0.5540522810365232
29,58	0.30976623784619667
29,59	0.5312796481290518
29,6	0.5561080959076884
29,60	0.43614545882182304
29,7	0.41136206679760845
29,8	0.45686273116635784
29,9	0.14484136487558025
3,1	0.7794360300272635
3,10	0.6146000210361579
3,11	0.6461680350030748
3,12	0.775579815673672
3,13	0.0
3,14	0.8875203139603666
3,15	0.34561402232910515
3,16	0.0709321591268358
3,17	0.2545214226213878
3,18	0.3083042747191975
3,19	0.4080234717395808
3,2	0.9263671131731708
3,20	0.9421210843581294
3,21	0.6758897197703692
3,22	0.48211883221470236
3,23	0.32233495173363275
3,24	0.4144088894738848
3,25	0.5947596244450662
3,26	0.3093988484250721
3,27	0.6092848842499202
3,28	0.13382860368014415
3,29	0.5402828035608828
3,3	1.0
3,30	0.12580189588045887
3,31	0.5624813381435533
3,32	0.4360110129896673
3,33	0.4688968927798792
3,34	0.8834522085987722
3,35	0.47315362570083136
3,36	0.6109515637487631
3,37	0.6740333728045823
3,38	0.5098047538220208
3,39	0.6415330430374763
3,4	0.7717436331412899
3,40	0.5144957554275263
3,41	0.44070569411825217
3,42	0.655955758320408
3,43	0.0
3,44	0.39832751001885724
3,45	0.43423789841016774
3,46	0.14254619510143363
3,47	0.5732305987108395
3,48	0.12184056186272887
3,49	0.5441696415430994
3,5	0.5565713133330445
3,50	0.7897460828481065
3,51	0.3739787960033829
3,52	0.343595332493858
3,53	0.03052970628799897
3,54	0.8147159132058053
3,55	0.02471220233715091
3,56	0.4818901708530563
3,57	0.4840749756612668
3,58	0.22284113493697538
3,59	0.7574332837173637
3,6	0.5259267081535114
3,60	0.5303625801985058
3,7	0.5102158874031735
3,8	0.256306474725677
3,9	0.6575959492214292
30,1	0.23496789583955852
30,10	0.11487505538478213
30,11	0.38127783351717204
30,12	0.337837177516747
30,13	0.11194658507092627
30,14	0.3527616959299813
30,15	0.29644585831604736
30,16	0.17105689247688144
30,17	0.21423659579855214
30,18	0.16521630318994335
30,19	0.2082949395140844
30,2	0.22727525715369246
30,20	0.3017761338167484
30,21	0.15609706658310332
30,22	0.008986590807685838
30,23	0.25490317237942983
30,24	0.1156984557791123
30,25	0.23462428565144272
30,26	0.15615774947715413
30,27	0.37156355522108125
30,28	0.18985175488208988
30,29	0.2507231232006483
30,3	0.1258018958804588
30,30	1.0000000000000002
30,31	0.1322959691092123
30,32	0.18816671679561087
30,33	0.03996003746953451
30,34	0.03951525088857346
30,35	0.2292933239229842
30,36	0.20948941710346553
30,37	0.23553002701309872
30,38	0.027411588551325566
30,39	0.22389381921710147
30,4	0.3730539387776322
30,40	0.2157559015914318
30,41	0.2344388306977404
30,42	0.21554339528856178
30,43	0.3162277660168379
30,44	0.22186334955830905
30,45	0.23920696715105638
30,46	0.10252065885161858
30,47	0.12617813660916294
30,48	0.13083158407007212
30,49	-0.05217885792688181
30,5	0.1183760082405241
30,50	0.37162496389574257
30,51	0.36506797141090325
30,52	0.10567428497954083
30,53	0.18852039897157638
30,54	0.4355797627642152
30,55	0.23024827186657376
30,56	0.11382267666203681
30,57	-0.00991857748915919
30,58	0.24287611876385182
30,59	0.14215612354490292
30,6	-0.023354156457533675
30,60	0.071536596512817
30,7	0.35221626388912464
30,8	0.1350814612188211
30,9	0.09187887193166172
31,1	0.5014880985284923
31,10	0.2566396178498174
31,11	0.2739745147626949
31,12	0.7898219257498246
31,14	0.2611164839335467
31,15	0.6561191314530852
31,16	-0.004803844614152571
31,17	0.10604944824604036
31,18	0.17782517278704102
31,19	0.4108125689792243
31,2	0.2696799449852968
31,20	0.3333333333333333
31,21	-0.24999999999999994
31,22	0.18633899812498247
31,23	0.21195399127990533
31,24	0.29668305198196493
31,25	0.4245110860871391
31,26	0.38273895035157157
31,27	0.058148380462958074
31,28	0.24064162001109793
31,29	0.06611073566849307
31,3	0.5624813381435535
31,30	0.1322959691092122
31,31	0.9999999999999999
31,32	0.1564161737720103
31,33	0.24578204939437548
31,34	0.0
31,35	0.23408229439226114
31,36	0.5703499672580876
31,37	0.4014775342734831
31,38	0.14350946197048198
31,39	0.3110249231497473
31,4	0.14484136487558033
31,40	0.0
31,41	0.5803048606924498
31,42	0.4082482904638629
31,43	0.0
31,44	0.156662573479452
31,45	0.27003086243366087
31,46	0.26776267454806063
31,47	0.5415612768886917
31,48	0.31222039088050035
31,49	0.4793103448275862
31,5	0.6461630524809191
31,50	0.5111656508223583
31,51	0.0
31,52	0.09652341781316807
31,53	0.4338609156373123
31,54	0.3823529411764706
31,55	0.09766102480385468
31,56	0.39647579368909436
31,57	0.2193804411020284
31,58	0.2821362541307085
31,59	0.1976423537605237
31,6	-0.049507377148833714
31,60	0.6909801595573183
31,7	0.6105716541821835
31,8	0.4852175119813982
31,9	0.22821773229381923
32,1	0.7067915753542374
32,10	0.7027414573251549
32,11	0.9016114605562927
32,12	0.18499202251974176
32,13	0.0
32,14	0.35291845433003155
32,15	0.06201736729460426
32,16	0.44589434931370325
32,17	0.1861412186220056
32,18	0.18114871440777996
32,19	0.6479593654146084
32,2	0.3403983001734085
32,20	0.9140306216977252
32,21	0.48279482968681725
32,22	0.44989797492170536
32,23	0.5197261109084083
32,24	0.38967307196545053
32,25	0.4286872231109931
32,26	0.19926998074917068
32,27	0.5584202500512836
32,28	0.15450191111501815
32,29	0.560377325539602
32,3	0.4360110129896674
32,30	0.18816671679561056
32,31	0.1564161737720103
32,32	1.0
32,33	0.12614796891834973
32,34	0.9684959969581863
32,35	0.40219402403244997
32,36	0.4365061190922784
32,37	0.7083333333333335
32,38	0.38124642583151164
32,39	0.21821789023599245
32,4	0.8802820864496438
32,40	-0.01829179466301439
32,41	0.6745083501766913
32,42	0.914555017558556
32,43	0.6972166887783964
32,44	0.24323696173169876
32,45	0.23977711191122006
32,46	0.23012799075706727
32,47	0.27738437620300727
32,48	0.06674701401358431
32,49	0.21067524290009618
32,5	0.4360640516261428
32,50	0.4429517135384828
32,51	0.7559289460184545
32,52	0.16887448291407411
32,53	0.38243041426728575
32,54	0.7818674846910658
32,55	0.4844039167304079
32,56	0.4748345350746258
32,57	0.21414185752806386
32,58	0.2744568889873648
32,59	0.8997671022677775
32,6	0.23495592298797602
32,60	0.0740994897804573
32,7	0.7794488346453275
32,8	0.11049702734953604
32,9	0.8313702367707395
33,1	0.5184301362394316
33,10	0.6032380982470854
33,11	0.4740783452863865
33,12	0.38351223537497586
33,13	0.16477051091432696
33,14	0.6007063042561348
33,15	0.5813702384686876
33,16	0.29605124519647646
33,17	0.12368036487586272
33,18	0.2147586351232102
33,19	0.728411375507623
33,2	0.7096471338466098
33,20	0.75949455997117
33,21	0.645856133055278
33,22	0.5832470605630126
33,23	0.47221496930864804
33,24	0.119756499044191
33,25	0.523638805103553
33,26	0.2589904811105707
33,27	0.6343416888210194
33,28	0.09279331321537387
33,29	0.4523399984738443
33,3	0.4688968927798792
33,30	0.03996003746953435
33,31	0.24578204939437542
33,32	0.1261479689183497
33,33	1.0
33,34	0.7346854013832727
33,35	0.462841397655378
33,36	0.503285268880227
33,37	0.5787024772876501
33,38	0.3846717951596813
33,39	0.7094715444981251
33,4	0.5735216988374835
33,40	0.753846153846154
33,41	0.3544333595749494
33,42	0.6943296507508848
33,43	0.5339750091013881
33,44	0.14264718228986745
33,45	0.40837603172624765
33,46	0.185797182738595
33,47	0.27633618094056484
33,48	0.264494128844725
33,49	0.6551960839073376
33,5	0.49087251940074816
33,50	0.635702705065586
33,51	0.0
33,52	0.407046792618164
33,53	-0.07473924880782182
33,54	0.659231724180059
33,55	0.002443927097705342
33,56	0.5426313477412145
33,57	0.3381786575138041
33,58	0.13218750712283325
33,59	0.6942170720498069
33,6	0.4596890554575728
33,60	0.38821734825851995
33,7	0.6926226943300735
33,8	0.14461611493809148
33,9	0.3492879300850747
34,1	0.6446583712203042
34,10	0.875
34,11	0.0
34,12	0.5773502691896257
34,13	0.0
34,14	0.0
34,15	0.0
34,16	0.600099198148979
34,17	0.4
34,18	0.8634624345543498
34,19	0.9432422182837984
34,2	1.0
34,20	0.6123724356957945
34,21	1.0
34,22	0.8703882797784892
34,23	0.9524241471993241
34,24	0.6757246285173463
34,25	0.9157484263009925
34,26	0.9185586535436918
34,27	1.0
34,28	0.49181713614952055
34,29	0.7905694150420945
34,3	0.8834522085987722
34,30	0.039515250888573446
34,31	0.0
34,32	0.9684959969581863
34,33	0.7346854013832727
34,34	1.0
34,35	0.8685990362153789
34,36	0.5227083734893168
34,37	1.0000000000000002
34,38	0.0
34,39	0.0
34,4	0.4629100498862757
34,40	0.0
34,41	0.6324555320336761
34,42	1.0000000000000002
34,43	0.0
34,44	0.8418729120241367
34,45	0.7717436331412899
34,46	0.5551361100027009
34,47	0.7745966692414833
34,48	0.9428090415820632
34,49	0.8783100656536799
34,5	1.0
34,50	0.9432422182837984
34,51	0.0
34,52	0.7122218426597098
34,53	0.0
34,54	0.8703882797784892
34,55	0.8846517369293826
34,56	0.9684959969581863
34,57	0.9432422182837984
34,58	0.40555355282690636
34,59	1.0
34,6	0.9738163552145481
34,60	0.5222329678670935
34,7	0.875
34,8	0.3038462796669347
34,9	0.0
35,1	0.4336908741196557
35,10	0.7992228513451373
35,11	0.5123475382979799
35,12	0.7025323298298783
35,13	0.0
35,14	0.7089490077940542
35,15	0.37776465038198603
35,16	0.5855644793599178
35,17	0.5238101271161382
35,18	0.4268988215539836
35,19	0.6101557275771236
35,2	0.8447367914999205
35,20	0.705909444241564
35,21	0.5610107297906027
35,22	0.7829920680273972
35,23	0.6241608268139712
35,24	0.4770673847761334
35,25	0.6239699395540578
35,26	0.4650366331499127
35,27	0.6678432509294406
35,28	0.34205057080711593
35,29	0.6966901059724404
35,3	0.4731536257008314
35,30	0.22929332392298366
35,31	0.23408229439226114
35,32	0.40219402403245
35,33	0.462841397655378
35,34	0.8685990362153789
35,35	0.9999999999999998
35,36	0.08724939396583133
35,37	0.6173388184425543
35,38	0.859010165930062
35,39	0.6785608847219691
35,4	0.7391704841559918
35,40	0.7023833979330982
35,41	0.7164641576454228
35,42	0.7607257743127308
35,43	0.8316554899054914
35,44	0.17756810848677043
35,45	0.4519178667794452
35,46	0.3542947032042138
35,47	0.5780864076092096
35,48	0.41682979451678226
35,49	0.8283153665625821
35,5	0.49968687546213253
35,50	0.5271067837010361
35,51	0.6176470588235294
35,52	0.11696835397064882
35,53	0.2698237104037636
35,54	0.5388159060803247
35,55	0.6084496959129536
35,56	0.36791434134434725
35,57	0.5166350401452482
35,58	0.44756153775453783
35,59	0.807410347229262
35,6	0.5056977734035141
35,60	0.5910541245655416
35,7	0.8778203471513459
35,8	0.11278006393417876
35,9	0.4977216921405407
36,1	0.7258005817863091
36,10	0.5062334716754895
36,11	0.9338592095470354
36,12	0.643834323090515
36,13	0.0
36,14	0.609425284144605
36,15	0.10527936095153946
36,16	0.37779940578000293
36,17	0.27539744840543595
36,18	0.19476329366017828
36,19	0.27764124292275777
36,2	0.6617544314513379
36,20	0.9417836915869434
36,21	0.5391532200433008
36,22	0.5570860145311557
36,23	0.3676621061724936
36,24	0.3107143592381807
36,25	0.5500224468460301
36,26	0.426165109974569
36,27	0.42127221966365785
36,28	0.22461093379976418
36,29	0.45231651234053305
36,3	0.6109515637487628
36,30	0.20948941710346583
36,31	0.5703499672580878
36,32	0.4365061190922782
36,33	0.5032852688802267
36,34	0.5227083734893168
36,35	0.0872493939658314
36,36	0.9999999999999998
36,37	0.6492143174560063
36,38	0.253555381558393
36,39	0.47813444801039845
36,4	0.40369556112894905
36,40	0.6374285090633041
36,41	0.3050266170572693
36,42	0.897315461837001
36,43	0.8109307588519343
36,44	0.32676403720422836
36,45	0.447069474809474
36,46	0.3859787187163905
36,47	0.5148214072546051
36,48	0.2790063628827589
36,49	0.5693882362924259
36,5	0.5701548461934063
36,50	0.5517552585361049
36,51	0.0
36,52	0.6110144094531541
36,53	0.6166698388447786
36,54	0.9179869280115048
36,55	0.38548042914001346
36,56	0.8662651709012399
36,57	0.4494675593843756
36,58	0.28168330141234416
36,59	0.7796102922564632
36,6	0.6013158752405657
36,60	0.41279691744227254
36,7	0.41513904361299825
36,8	0.22457093458425526
36,9	0.8017837257372729
37,1	0.8482931856991747
37,10	0.7895174259998616
37,11	1.0000000000000002
37,12	0.6566107861974994
37,13	0.0
37,14	0.874474632195206
37,15	0.3789683644799335
37,16	0.511734215906922
37,17	0.4483451101242451
37,18	0.5786486020045534
37,19	0.6641330354523186
37,2	0.985104109993904
37,20	0.9496696264729195
37,21	0.9869275424396534
37,22	0.9128709291752768
37,23	0.8768115942028986
37,24	0.7293645075136193
37,25	0.657212655728611
37,26	0.5113143943193186
37,27	0.8152137861837442
37,28	0.503274817126814
37,29	0.7542530330036966
37,3	0.6740333728045823
37,30	0.2355300270130985
37,31	0.4014775342734831
37,32	0.7083333333333335
37,33	0.5787024772876498
37,34	1.0000000000000002
37,35	0.6173388184425543
37,36	0.6492143174560063
37,37	1.0
37,38	0.25599605579485846
37,39	0.7921553131555973
37,4	0.9128709291752768
37,40	0.8429272304235245
37,41	0.665267348636088
37,42	0.9785497849867489
37,43	0.19611613513818402
37,44	0.6722139969935252
37,45	0.7427813527082076
37,46	0.49751099354050377
37,47	0.712542788616765
37,48	0.7453862417234767
37,49	0.67700320038633
37,5	0.7904967985610488
37,50	0.768511225346627
37,51	0.5000000000000001
37,52	0.6506159014557671
37,53	0.5855400437691198
37,54	0.9009831711993147
37,55	0.40958981198680133
37,56	0.9393210198519962
37,57	0.7210293918212825
37,58	0.339644004233231
37,59	0.6441217087096435
37,6	0.8337505000736475
37,60	0.30380249716635915
37,7	0.6569741873352105
37,8	0.5117811507814723
37,9	0.8666426707222403
38,1	0.6908159074422423
38,10	0.17883775448910005
38,11	0.8000443250131931
38,12	0.4319620198480262
38,14	0.9201575383978461
38,15	0.1690308509457033
38,16	0.7331092305929306
38,17	0.27651119897006016
38,18	0.17391152715201538
38,19	0.6544962831180821
38,2	0.8227533512074422
38,20	0.8627455574543496
38,21	0.40845082472768063
38,22	0.910465468000326
38,23	0.4050650193523413
38,24	0.44636613741673464
38,25	0.24019223070763077
38,26	0.6680817497621536
38,27	0.7749842582921286
38,28	0.14866055073450882
38,29	0.026198125853112302
38,3	0.5098047538220206
38,30	0.027411588551325396
38,31	0.14350946197048198
38,32	0.38124642583151164
38,33	0.3846717951596814
38,34	0.0
38,35	0.8590101659300617
38,36	0.253555381558393
38,37	0.25599605579485846
38,38	1.0
38,39	0.3514134539440596
38,4	0.39167472590032015
38,40	0.0
38,41	0.9058216273156765
38,42	0.9428090415820635
38,43	0.9432422182837983
38,44	0.22826567551152663
38,45	0.2721637030676402
38,46	0.09266523443485947
38,47	0.44735842237672524
38,48	0.45293868766553685
38,49	0.41666666666666674
38,5	0.6514265576024516
38,50	0.6893203883495146
38,51	-0.9999999999999998
38,52	0.38694795899903667
38,53	0.4900980294098035
38,54	0.9557896392964647
38,55	0.4725982150425214
38,56	0.3409574254459905
38,57	0.363546022652078
38,58	0.3528981919614791
38,59	0.9323464747969038
38,6	0.19781414201873615
38,60	0.30348848933344197
38,7	0.7489308618940976
38,8	0.1318894409176864
38,9	0.7385489458759965
39,1	0.6253340406679673
39,10	0.44231985872482904
39,11	0.7597456497402567
39,12	0.6757246285173463
39,13	0.0
39,14	0.9709360728752818
39,15	0.31898652399009103
39,16	0.8444241745068641
39,17	0.6020079537407
39,18	0.4249009070952006
39,19	0.729125993199262
39,2	0.9683296637314884
39,20	0.758199185732715
39,21	0.6639774272790984
39,22	0.9185586535436918
39,23	0.9127126507294967
39,24	0.6110462975796659
39,25	0.4126090185637062
39,26	0.8410596026490066
39,27	0.9684747092264967
39,28	0.2648992996642043
39,29	0.061655316068647555
39,3	0.6415330430374764
39,30	0.22389381921710164
39,31	0.3110249231497473
39,32	0.21821789023599236
39,33	0.7094715444981251
39,34	0.0
39,35	0.6785608847219692
39,36	0.47813444801039856
39,37	0.7921553131555973
39,38	0.35141345394406065
39,39	1.0000000000000002
39,4	0.3947710169758613
39,40	0.0
39,41	0.30935921676911454
39,42	0.6103896103896104
39,43	0.0
39,44	0.5754964847837222
39,45	0.4250984030996184
39,46	0.02314835974236358
39,47	0.6305960314083819
39,48	0.5776323851454745
39,49	0.43583586846268
39,5	0.5965587590013045
39,50	0.8786774264130284
39,51	-0.9999999999999998
39,52	0.612560327366974
39,53	0.5640760748177662
39,54	0.9315516419063742
39,55	0.672696664731636
39,56	0.4917377283490554
39,57	0.5649914557197476
39,58	0.42545655559341583
39,59	0.9811557810392123
39,6	0.5880607627805152
39,60	0.6699645642462504
39,7	0.8353216616414539
39,8	0.31620143203392637
39,9	0.6085806194501845
4,1	0.8859366348279275
4,10	0.9649012813540154
4,11	0.6643638388299199
4,12	0.5345224838248488
4,13	0.0
4,14	0.8964214570007952
4,15	0.5962847939999439
4,16	0.9252041487854825
4,17	0.6856034446626806
4,18	0.5599759354355559
4,19	0.9778803607803973
4,2	0.9191450300180577
4,20	0.9128709291752768
4,21	0.8703882797784892
4,22	1.0
4,23	0.9531576233498552
4,24	0.8198915917499228
4,25	0.9410999550500216
4,26	0.3794021879778886
4,27	0.9165444688834583
4,28	0.5801804175680064
4,29	0.6376804093660592
4,3	0.7717436331412897
4,30	0.37305393877763243
4,31	0.14484136487558033
4,32	0.8802820864496439
4,33	0.5735216988374835
4,34	0.46291004988627577
4,35	0.7391704841559918
4,36	0.4036955611289491
4,37	0.9128709291752768
4,38	0.39167472590032015
4,39	0.3947710169758613
4,4	1.0
4,40	0.6363636363636364
4,41	0.919145030018058
4,42	0.6729265849104532
4,43	0.0
4,44	0.508239370939406
4,45	0.5563165583427424
4,46	0.6950959323759557
4,47	0.7339246680189276
4,48	0.9104654680003261
4,49	0.17677669529663687
4,5	0.9165444688834583
4,50	0.8502909222180473
4,51	-0.1889822365046136
4,52	0.9468641529479987
4,53	0.8703882797784892
4,54	0.9135002783911398
4,55	0.7375837923560066
4,56	0.8721786813342282
4,57	0.6813851438692471
4,58	0.6840824724153396
4,59	0.8838834764831843
4,6	0.32741538583183033
4,60	0.5590169943749475
4,7	0.793103448275862
4,8	0.4199131203904232
4,9	0.8660254037844385
40,1	0.4422319942582257
40,10	0.0
40,11	0.0
40,12	-0.32274861218395134
40,13	0.0
40,14	0.5041841733655161
40,15	0.0
40,16	0.7543422685124547
40,17	0.31921603959231953
40,18	0.3368594277592665
40,19	0.7740702698132099
40,2	0.8750000000000001
40,20	1.0
40,21	0.17518714874213506
40,22	0.0
40,23	0.4708816093480111
40,24	0.7607257743127307
40,25	0.13483997249264834
40,26	0.30143524378286707
40,27	0.4588314677411235
40,28	0.1933821931419832
40,29	0.3834824944236852
40,3	0.5144957554275266
40,30	0.21575590159143196
40,31	0.0
40,32	-0.018291794663014414
40,33	0.7538461538461539
40,34	0.0
40,35	0.7023833979330982
40,36	0.6374285090633038
40,37	0.8429272304235245
40,38	0.0
40,39	0.0
40,4	0.6363636363636364
40,40	1.0
40,41	0.375
40,42	0.3333333333333333
40,43	0.984731927834662
40,44	0.3109033608977886
40,45	0.14555752031552238
40,46	0.28681999104962547
40,47	-0.08671099695241201
40,48	0.11761294932792299
40,49	0.17407765595569785
40,5	0.5860641867950224
40,50	0.7391304347826085
40,51	0.0
40,52	0.15830297101850066
40,53	0.2850438562747845
40,54	0.0
40,55	0.38850193632645674
40,56	0.74535599249993
40,57	0.38144659740572645
40,58	0.33237547694701153
40,59	0.5921565254637922
40,6	0.24999999999999997
40,60	0.35355339059327373
40,7	0.8660254037844387
40,8	0.32749898929069
40,9	0.2075143391598224
41,1	0.7137464271463297
41,10	0.7745966692414834
41,11	0.9999999999999999
41,12	0.7924058156930615
41,13	0.0
41,14	0.7637626158259733
41,15	0.41089070180665904
41,16	0.468464736348986
41,17	0.3646984043128984
41,18	0.37125881623393386
41,19	0.6863515362935737
41,2	0.9999999999999998
41,20	1.0
41,21	0.5916079783099615
41,22	0.9128709291752769
41,23	0.42036511190777587
41,24	0.5119179012414085
41,25	0.4743416490252569
41,26	0.4086079849399812
41,27	0.39297188779668457
41,28	0.237563817034874
41,29	0.5138915323706487
41,3	0.44070569411825217
41,30	0.23443883069774027
41,31	0.5803048606924499
41,32	0.6745083501766913
41,33	0.3544333595749495
41,34	0.6324555320336759
41,35	0.7164641576454228
41,36	0.3050266170572693
41,37	0.665267348636088
41,38	0.9058216273156763
41,39	0.30935921676911454
41,4	0.919145030018058
41,40	0.375
41,41	1.0000000000000002
41,42	0.9365858115816942
41,43	0.8681808787790204
41,44	0.29335732442442874
41,45	0.6039900012157713
41,46	0.3783783783783784
41,47	0.6038217413038415
41,48	0.4314565344603823
41,49	0.48038446141526137
41,5	0.17859990659227326
41,50	0.8882347881956881
41,51	0.0
41,52	0.18293186935553613
41,53	0.8131249357707346
41,54	0.9101820546182064
41,55	0.7572365563125347
41,56	0.3326528141123145
41,57	0.4070611519374003
41,58	0.2895889549703804
41,59	0.820412654142367
41,6	0.6231407383092852
41,60	0.7031230493106524
41,7	0.7293249574894728
41,8	0.3012736907656517
41,9	0.2688064609902744
42,1	0.9833081801596841
42,10	0.8574957348575766
42,11	0.9682458365518539
42,12	0.6761234037828132
42,13	0.0
42,14	0.8685990362153794
42,15	0.29277002188455997
42,16	0.45387762883929894
42,17	0.19156525704423025
42,18	0.5769471832876829
42,19	0.9542374472273958
42,2	0.9999999999999998
42,20	1.0
42,21	0.7608859102526822
42,22	0.9128709291752768
42,23	0.9799578870122228
42,24	0.522835179821327
42,25	0.7912272180251639
42,26	0.5028353553357978
42,27	1.0000000000000002
42,28	0.33961714595297277
42,29	0.6138245895861673
42,3	0.6559557583204079
42,30	0.21554339528856156
42,31	0.40824829046386285
42,32	0.9145550175585558
42,33	0.6943296507508848
42,34	1.0000000000000002
42,35	0.7607257743127308
42,36	0.897315461837001
42,37	0.9785497849867488
42,38	0.9428090415820635
42,39	0.6103896103896104
42,4	0.6729265849104531
42,40	0.3333333333333333
42,41	0.9365858115816943
42,42	1.0000000000000002
42,43	0.0
42,44	0.5428571428571428
42,45	0.5572411175586016
42,46	0.16854996561581048
42,47	0.8039351190381369
42,48	0.6892423112661024
42,49	0.5144957554275266
42,5	0.8246693175801874
42,50	0.8238858408710995
42,51	0.0
42,52	0.3118724702341802
42,53	0.8783100656536799
42,54	0.8230548917531016
42,55	0.7006206730473823
42,56	0.4555337555494518
42,57	0.20723908457632687
42,58	0.38598927430761293
42,59	0.968245836551854
42,6	0.47641532075901044
42,60	0.7463904912524668
42,7	0.6565321642986126
42,8	0.41718090756715365
42,9	1.0000000000000002
43,1	0.5106971540538452
43,10	0.6123724356957946
43,11	0.8783100656536799
43,12	0.2836543144655877
43,13	0.0
43,14	0.8750000000000001
43,15	0.0
43,16	0.7221603618021686
43,17	0.34621979296460714
43,18	0.28962293710578435
43,19	0.8703882797784892
43,2	0.8064516129032258
43,20	1.0000000000000002
43,21	0.0
43,22	0.0
43,23	0.622949598354949
43,24	0.6335066203592328
43,25	0.12909944487358058
43,26	0.7268777929314035
43,27	0.5547294641422117
43,28	0.32299699879255966
43,29	0.34286375654996787
43,3	0.0
43,30	0.31622776601683805
43,31	0.0
43,32	0.6972166887783964
43,33	0.5339750091013881
43,34	0.0
43,35	0.8316554899054914
43,36	0.8109307588519343
43,37	0.19611613513818402
43,38	0.9432422182837987
43,39	0.0
43,4	0.0
43,40	0.984731927834662
43,41	0.8681808787790203
43,42	0.0
43,43	1.0
43,44	0.3574593175463109
43,45	0.6779597633794474
43,46	0.24655495299692495
43,47	0.37131438233312714
43,48	0.3844707019179155
43,49	0.43301270189221924
43,5	0.6237055560836822
43,50	0.8655263974602166
43,51	0.0
43,52	0.19595961368266712
43,53	0.9432422182837987
43,54	0.0
43,55	0.28015776286411054
43,56	-0.07537783614444091
43,57	0.2663017150218153
43,58	0.5622550113947726
43,59	0.9415544714433867
43,6	0.13736056394868906
43,60	0.5813183589761797
43,7	0.35535373401200704
43,8	0.2891574659831202
43,9	0.7770286898858113
44,1	0.352707549537712
44,10	0.44734486503848714
44,11	0.5522385703666394
44,12	0.16458410326045805
44,13	0.2036532699906392
44,14	0.7227520229347
44,15	0.4216289836557402
44,16	0.378051431901105
44,17	0.25455893495936477
44,18	0.2652815598662405
44,19	0.4521275496606256
44,2	0.47035611034381836
44,20	0.8002304995805998
44,21	0.43175165171738766
44,22	0.3902343623332089
44,23	0.5598152738776436
44,24	0.20760599428548895
44,25	0.26152498394372237
44,26	0.3079653957958941
44,27	0.4180881893220598
44,28	0.18341061111302293
44,29	0.6098992736737947
44,3	0.3983275100188574
44,30	0.22186334955830964
44,31	0.156662573479452
44,32	0.24323696173169898
44,33	0.1426471822898675
44,34	0.8418729120241367
44,35	0.17756810848677063
44,36	0.3267640372042284
44,37	0.6722139969935249
44,38	0.22826567551152663
44,39	0.5754964847837222
44,4	0.5082393709394061
44,40	0.31090336089778875
44,41	0.2933573244244288
44,42	0.542857142857143
44,43	0.357459317546311
44,44	1.0000000000000002
44,45	0.33052370155026667
44,46	0.1526989786364503
44,47	0.30323471173815464
44,48	0.3275494234262001
44,49	0.13288211940534986
44,5	0.09901502985841927
44,50	0.4966380657511103
44,51	0.5484080882861868
44,52	0.2519814525759795
44,53	0.11099464973379261
44,54	0.7559322033898307
44,55	0.29356837367548644
44,56	0.20053636539604427
44,57	0.22533600511992163
44,58	0.2996997174645744
44,59	0.4354767905623962
44,6	0.21523381287955212
44,60	0.21991757418443844
44,7	0.7570763354371695
44,8	0.2530936539688276
44,9	0.4530164242022742
45,1	0.33244919891241753
45,10	0.26732752158332834
45,11	0.8722282147777605
45,12	0.5793147715603874
45,13	0.0
45,14	0.7543365091413573
45,15	0.7656792727738334
45,16	0.49578898150320305
45,17	0.27334687142919023
45,18	0.21399094570680477
45,19	0.6545617216599626
45,2	0.8685990362153793
45,20	0.8770580193070293
45,21	0.3639611014513012
45,22	0.7474825474418507
45,23	0.6340732444901838
45,24	0.4304459903110396
45,25	0.49599233503820117
45,26	0.3084193870607675
45,27	0.6339967389691933
45,28	0.26679543040011505
45,29	0.5653373815808751
45,3	0.43423789841016774
45,30	0.23920696715105572
45,31	0.2700308624336608
45,32	0.23977711191122014
45,33	0.4083760317262474
45,34	0.7717436331412899
45,35	0.4519178667794451
45,36	0.4470694748094738
45,37	0.7427813527082076
45,38	0.2721637030676401
45,39	0.42509840309961827
45,4	0.5563165583427424
45,40	0.14555752031552224
45,41	0.6039900012157713
45,42	0.5572411175586014
45,43	0.6779597633794472
45,44	0.3305237015502662
45,45	1.0
45,46	0.16701338753199182
45,47	0.2617628851811113
45,48	0.34370733903403183
45,49	0.9756099468848068
45,5	0.7127805623109592
45,50	0.7315729707069882
45,51	-0.9999999999999998
45,52	0.431383732063866
45,53	0.4828045495852676
45,54	0.34875759365476067
45,55	0.4392346521007418
45,56	0.330065485400883
45,57	0.25052226139321776
45,58	0.36107246035123697
45,59	0.7990428385199253
45,6	0.3453593338225142
45,60	0.6225093728707212
45,7	0.7461635290233402
45,8	0.3113649234805463
45,9	0.771321404383905
46,1	0.23584564996510238
46,10	0.35758365389646396
46,11	0.6225430174794673
46,12	0.3263745524255203
46,13	0.5000000000000001
46,14	0.3383414385564758
46,15	0.4075176140831303
46,16	0.17809161067258858
46,17	0.20908386433000842
46,18	0.15095027640599973
46,19	0.3569235043754018
46,2	0.4441483531015752
46,20	0.0
46,21	0.14942528735632182
46,22	0.048761843600343385
46,23	0.46659696658024136
46,24	0.29286663327754064
46,25	0.06318535525552028
46,26	0.07046263799020124
46,27	0.3147081048839726
46,28	0.1729473819384308
46,29	0.3925758819234417
46,3	0.1425461951014336
46,30	0.10252065885161926
46,31	0.26776267454806074
46,32	0.2301279907570674
46,33	0.18579718273859466
46,34	0.5551361100027009
46,35	0.3542947032042139
46,36	0.3859787187163905
46,37	0.4975109935405039
46,38	0.09266523443485943
46,39	0.023148359742363563
46,4	0.6950959323759558
46,40	0.2868199910496255
46,41	0.37837837837837834
46,42	0.16854996561581043
46,43	0.2465549529969249
46,44	0.1526989786364503
46,45	0.16701338753199188
46,46	1.0
46,47	0.2197697841063453
46,48	0.2842264150935612
46,49	-0.04903995023065118
46,5	0.35986839569827156
46,50	0.3492540511487527
46,51	0.25314157340492166
46,52	0.17005393498769378
46,53	0.31622776601683794
46,54	0.30526347499684925
46,55	0.13118343984692285
46,56	0.3399124148046885
46,57	0.04725733627833082
46,58	0.18994041662606445
46,59	0.49236596391733084
46,6	0.19016405491059385
46,60	0.08312885422006541
46,7	-0.2044947617111025
46,8	0.13419564256397212
46,9	0.7655318158241115
47,1	0.5061300953176134
47,10	0.7327855705192837
47,11	0.7112439299095956
47,12	0.4880396763689415
47,13	0.0
47,14	0.7583722888333069
47,15	0.2469762647381292
47,16	0.05395304311801463
47,17	0.3448036582493129
47,18	0.2020282475168397
47,19	0.3944314001506514
47,2	0.8923543557893894
47,20	0.9010989010989009
47,21	0.5991020199507535
47,22	0.5945204331682347
47,23	0.5366923037847312
47,24	0.31309253350734906
47,25	0.4840487238999083
47,26	0.27841838088140414
47,27	0.7076204336877252
47,28	0.24602787166829782
47,29	0.50385030384653
47,3	0.5732305987108394
47,30	0.1261781366091624
47,31	0.5415612768886916
47,32	0.27738437620300715
47,33	0.276336180940565
47,34	0.7745966692414831
47,35	0.5780864076092095
47,36	0.5148214072546051
47,37	0.712542788616765
47,38	0.4473584223767251
47,39	0.630596031408382
47,4	0.7339246680189279
47,40	-0.08671099695241201
47,41	0.6038217413038415
47,42	0.8039351190381369
47,43	0.37131438233312714
47,44	0.30323471173815464
47,45	0.26176288518111146
47,46	0.21976978410634507
47,47	1.0
47,48	0.4143445179063764
47,49	0.5985011771570825
47,5	0.39805407885392147
47,50	0.574490832440092
47,51	0.24343224778007377
47,52	0.2673723256790126
47,53	0.4763305116224669
47,54	0.580229958611494
47,55	-0.044767080041130315
47,56	0.3941535686914953
47,57	0.3476266774989705
47,58	0.04822159768336022
47,59	0.7034898429854362
47,6	0.5715289852782596
47,60	0.4926989888136382
47,7	0.5508802139991626
47,8	0.09349251145446774
47,9	0.5833333333333334
48,1	0.5357888429797961
48,10	0.23632133267487243
48,11	0.6772970365810971
48,12	0.21138528383243535
48,13	0.31622776601683783
48,14	0.471870105616408
48,15	0.16372832289052913
48,16	0.3327024414152426
48,17	0.02666377799069661
48,18	0.3092963690172229
48,19	0.6769479563235166
48,2	0.551741501468488
48,20	0.9500183596757119
48,21	0.540833418051366
48,22	0.7905694150420948
48,23	0.5531641638783786
48,24	0.29382917224589644
48,25	0.22574692487605194
48,26	0.46507291381588817
48,27	0.39142865448635805
48,28	0.3247168520026604
48,29	0.36293800983067653
48,3	0.12184056186272879
48,30	0.13083158407007223
48,31	0.31222039088050024
48,32	0.06674701401358431
48,33	0.2644941288447251
48,34	0.9428090415820632
48,35	0.41682979451678226
48,36	0.279006362882759
48,37	0.7453862417234768
48,38	0.45293868766553663
48,39	0.5776323851454745
48,4	0.910465468000326
48,40	0.11761294932792297
48,41	0.4314565344603822
48,42	0.6892423112661024
48,43	0.38447070191791555
48,44	0.3275494234262
48,45	0.3437073390340319
48,46	0.2842264150935612
48,47	0.4143445179063769
48,48	1.0
48,49	0.20912948642671375
48,5	0.5280999995029569
48,50	0.5729279943486774
48,51	0.2774713314443212
48,52	0.3458514308170619
48,53	0.21310387296367062
48,54	0.3782456934440368
48,55	0.2775331094945303
48,56	0.26238965809816667
48,57	0.3949960352510182
48,58	0.2784368720427447
48,59	0.5860080815322174
48,6	0.2332989920650156
48,60	0.5725256614305746
48,7	0.4773063997825812
48,8	0.18356835026680537
48,9	0.46437246782899977
49,1	0.19781414201873612
49,10	0.7592566023652965
49,11	0.4391550328268398
49,12	0.607332247634187
49,14	0.4050462936504913
49,15	0.7240521336304996
49,16	0.0702901946394416
49,17	-0.28867513459481287
49,18	0.5839689998134332
49,19	0.544517820488091
49,2	0.8050473686826041
49,20	0.012203291671705594
49,21	0.1336306209562122
49,22	0.674199862463242
49,23	0.472988101863693
49,24	0.3148716092908292
49,25	0.4544712506276484
49,26	0.5425389466519642
49,27	0.6693696839286682
49,28	0.24748560419431576
49,29	0.234644638349064
49,3	0.5441696415430994
49,30	-0.05217885792688178
49,31	0.4793103448275862
49,32	0.2106752429000961
49,33	0.6551960839073377
49,34	0.8783100656536799
49,35	0.8283153665625821
49,36	0.5693882362924259
49,37	0.67700320038633
49,38	0.41666666666666674
49,39	0.43583586846268
49,4	0.17677669529663687
49,40	0.17407765595569785
49,41	0.48038446141526137
49,42	0.5144957554275266
49,43	0.43301270189221924
49,44	0.13288211940534986
49,45	0.9756099468848068
49,46	-0.04903995023065118
49,47	0.5985011771570826
49,48	0.20912948642671378
49,49	1.0
49,5	0.8307471607356973
49,50	0.6474987709525734
49,51	-0.8910421112136305
49,52	0.4502108032881252
49,53	0.5521576303742326
49,54	0.38750000000000007
49,55	0.3261235795634636
49,56	0.3991749733395862
49,57	0.6720839475684459
49,58	0.2178619619450643
49,59	0.7337993857053428
49,6	0.6096845818311951
49,60	0.7671952740916673
49,7	0.7844645405527361
49,8	0.16806388742815345
49,9	0.7083333333333336
5,1	0.6475866014851582
5,10	0.8704706655745921
5,11	1.0
5,12	0.41530868804696447
5,13	0.0
5,14	0.3869395588747966
5,15	0.35928215282510967
5,16	0.25700903849929285
5,17	0.4052982038466855
5,18	0.29411136277842426
5,19	0.41005259431258806
5,2	0.6224717976020829
5,20	0.9177788727679403
5,21	0.8625916683564174
5,22	0.9191450300180575
5,23	0.8011075915211501
5,24	0.37482466745880444
5,25	0.5177799092282185
5,26	0.3690073482982912
5,27	0.5501659217294393
5,28	0.33931937765840775
5,29	0.43308785254703636
5,3	0.5565713133330443
5,30	0.11837600824052408
5,31	0.6461630524809192
5,32	0.43606405162614287
5,33	0.49087251940074833
5,34	0.9999999999999999
5,35	0.4996868754621325
5,36	0.5701548461934063
5,37	0.790496798561049
5,38	0.6514265576024516
5,39	0.5965587590013045
5,4	0.9165444688834583
5,40	0.5860641867950224
5,41	0.17859990659227326
5,42	0.8246693175801874
5,43	0.6237055560836821
5,44	0.09901502985841931
5,45	0.7127805623109592
5,46	0.35986839569827156
5,47	0.39805407885392136
5,48	0.5280999995029568
5,49	0.8307471607356971
5,5	1.0000000000000002
5,50	0.9311013652122256
5,51	0.0
5,52	0.5966346169811647
5,53	0.21834155447023873
5,54	0.9265694241581076
5,55	0.20784977797842816
5,56	0.5060125083402595
5,57	0.5981861289166265
5,58	0.22001047682503277
5,59	0.8383803551716217
5,6	0.6826318457487831
5,60	0.5051814855409226
5,7	0.455670320301055
5,8	0.19726898101911064
5,9	0.6380532872271009
50,1	0.8498107930273521
50,10	0.8052706076146672
50,11	0.9682458365518544
50,12	0.724730864048307
50,13	0.0
50,14	0.8068715304598786
50,15	0.6779363287563707
50,16	0.6909200918942158
50,17	0.48586863939734426
50,18	0.444089015397889
50,19	0.6096198517407089
50,2	0.9567973250157652
50,20	0.8176528845783729
50,21	0.7717436331412898
50,22	0.7716774657271722
50,23	0.7553282490608398
50,24	0.622973109833585
50,25	0.5961881446175248
50,26	0.6970626158019474
50,27	0.7997293778366412
50,28	0.369226095149277
50,29	0.5352365254237925
50,3	0.7897460828481065
50,30	0.37162496389574257
50,31	0.5111656508223583
50,32	0.4429517135384829
50,33	0.6357027050655865
50,34	0.9432422182837987
50,35	0.5271067837010363
50,36	0.5517552585361049
50,37	0.7685112253466267
50,38	0.6893203883495146
50,39	0.8786774264130284
50,4	0.8502909222180473
50,40	0.7391304347826086
50,41	0.8882347881956879
50,42	0.8238858408710995
50,43	0.8655263974602166
50,44	0.49663806575111064
50,45	0.731572970706988
50,46	0.34925405114875274
50,47	0.5744908324400919
50,48	0.5729279943486776
50,49	0.6474987709525734
50,5	0.9311013652122256
50,50	1.0
50,51	0.5000000000000001
50,52	0.7112948534273874
50,53	0.7499999999999998
50,54	0.5359794776941507
50,55	0.456021662981276
50,56	0.858421686816952
50,57	0.5828410841755097
50,58	0.5163829898304628
50,59	0.8652899256018457
50,6	0.8154811277380793
50,60	0.7309158771925376
50,7	0.7876702615706814
50,8	0.7486400714106475
50,9	0.6633249580710799
51,1	0.6123724356957946
51,10	-0.9999999999999998
51,11	-0.13483997249264842
51,12	0.7388664511337207
51,14	-0.9999999999999998
51,15	-0.4472135954999579
51,16	0.33995005182504245
51,17	-0.4472135954999579
51,18	0.3629150273454803
51,19	-0.4999999999999999
51,2	0.0
51,20	0.0
51,21	0.0
51,22	-0.9999999999999998
51,23	0.6318006707199479
51,24	0.3273268353539886
51,25	-0.9999999999999998
51,26	0.0
51,27	0.0
51,28	-0.002332331250845494
51,29	0.0
51,3	0.37397879600338285
51,30	0.36506797141090314
51,31	0.0
51,32	0.7559289460184545
51,33	0.0
51,34	0.0
51,35	0.6176470588235294
51,36	0.0
51,37	0.5000000000000001
51,38	-0.9999999999999998
51,39	-0.9999999999999998
51,4	-0.1889822365046136
51,40	0.0
51,41	0.0
51,42	0.0
51,43	0.0
51,44	0.5484080882861869
51,45	-0.9999999999999998
51,46	0.25314157340492166
51,47	0.24343224778007377
51,48	0.2774713314443212
51,49	-0.8910421112136305
51,5	0.0
51,50	0.5000000000000001
51,51	1.0
51,52	0.037037037037037035
51,53	0.0
51,54	-1.0
51,55	-0.3088988028763957
51,56	-0.9999999999999998
51,57	0.12387925382036538
51,58	0.10529886639051733
51,59	0.0
51,6	-0.8705715001320139
51,60	-0.9999999999999998
51,7	0.0
51,8	0.7777777777777778
51,9	0.0
52,1	0.12440274548941405
52,10	0.5901759810823387
52,11	0.44718766467359444
52,12	0.23168771081231412
52,13	-0.17407765595569785
52,14	0.8773824395270644
52,15	0.33612278224367753
52,16	0.06786394856556204
52,17	0.22655831772122467
52,18	0.24131665313809078
52,19	0.7223641772106055
52,2	0.8020304568527918
52,20	0.9472862948115691
52,21	0.4499645545513399
52,22	0.489579295030378
52,23	0.35043683993205377
52,24	0.1606851307796634
52,25	0.6277801510306267
52,26	0.23411018779745021
52,27	0.7392906213419833
52,28	0.18301274294766795
52,29	0.5296125139707789
52,3	0.3435953324938578
52,30	0.10567428497954051
52,31	0.09652341781316803
52,32	0.16887448291407414
52,33	0.4070467926181641
52,34	0.7122218426597098
52,35	0.1169683539706488
52,36	0.6110144094531542
52,37	0.6506159014557671
52,38	0.38694795899903656
52,39	0.6125603273669736
52,4	0.9468641529479986
52,40	0.15830297101850066
52,41	0.18293186935553618
52,42	0.31187247023418024
52,43	0.19595961368266712
52,44	0.2519814525759796
52,45	0.43138373206386593
52,46	0.1700539349876939
52,47	0.26737232567901253
52,48	0.345851430817062
52,49	0.45021080328812524
52,5	0.596634616981165
52,50	0.7112948534273875
52,51	0.037037037037037035
52,52	0.9999999999999998
52,53	0.026168955732628674
52,54	0.7885138597692652
52,55	0.1381069262084957
52,56	0.4040950290807669
52,57	0.37589238495679894
52,58	8.43737923923979E-4
52,59	0.8789302488553575
52,6	0.39195380896669424
52,60	0.2703449025978475
52,7	0.1101598477530048
52,8	0.1917204697459068
52,9	0.039303123810650625
53,1	0.8416254115301732
53,10	0.8834522085987725
53,11	1.0000000000000002
53,12	0.6599120175960899
53,13	0.0
53,14	0.7637626158259733
53,15	0.1846372364689991
53,16	0.49497474683058323
53,17	-0.03944706817271962
53,18	0.5802207155823121
53,19	0.7106690545187015
53,2	1.0
53,20	0.6030226891555274
53,21	0.4950737714883373
53,22	0.8703882797784892
53,23	0.14978617237881953
53,24	0.4247810557837727
53,25	0.7661308776828737
53,26	0.2603437196348712
53,27	0.1386750490563073
53,28	0.29370462227550403
53,29	0.6793662204867574
53,3	0.030529706287998965
53,30	0.1885203989715764
53,31	0.43386091563731227
53,32	0.3824304142672859
53,33	-0.07473924880782182
53,34	0.0
53,35	0.2698237104037635
53,36	0.6166698388447786
53,37	0.5855400437691198
53,38	0.49009802940980357
53,39	0.5640760748177662
53,4	0.8703882797784892
53,40	0.28504385627478457
53,41	0.8131249357707345
53,42	0.8783100656536802
53,43	0.9432422182837987
53,44	0.11099464973379262
53,45	0.4828045495852676
53,46	0.31622776601683794
53,47	0.4763305116224669
53,48	0.21310387296367062
53,49	0.5521576303742328
53,5	0.2183415544702388
53,50	0.75
53,51	0.0
53,52	0.026168955732628663
53,53	0.9999999999999999
53,54	0.9432422182837983
53,55	0.5872685921352824
53,56	0.31180478223116176
53,57	0.515876954571596
53,58	0.17010899483601824
53,59	0.3015113445777636
53,6	0.35355339059327373
53,60	0.2182178902359924
53,7	0.4466185006315601
53,8	0.38874079151161206
53,9	0.9226129063148776
54,1	0.7528074091628109
54,10	0.9510344374630683
54,11	0.9325048082403138
54,12	0.41149006234416474
54,13	0.0
54,14	0.984731927834662
54,15	0.2760262237369417
54,16	0.8983263773759129
54,17	0.7092993656151906
54,18	0.7001014493856176
54,19	0.9571426248774517
54,2	0.9101820546182063
54,20	0.9351438002390361
54,21	0.9128709291752768
54,22	0.958706236059213
54,23	0.9543135154205278
54,24	0.7610782069349787
54,25	0.7577352304240824
54,26	0.8970891825734567
54,27	0.9211323729436762
54,28	0.3974981496466631
54,29	0.43301270189221924
54,3	0.8147159132058054
54,30	0.435579762764215
54,31	0.3823529411764707
54,32	0.7818674846910654
54,33	0.659231724180059
54,34	0.8703882797784892
54,35	0.5388159060803247
54,36	0.9179869280115049
54,37	0.9009831711993147
54,38	0.9557896392964647
54,39	0.9315516419063742
54,4	0.9135002783911398
54,40	0.0
54,41	0.9101820546182064
54,42	0.8230548917531016
54,43	0.0
54,44	0.7559322033898304
54,45	0.34875759365476056
54,46	0.30526347499684925
54,47	0.580229958611494
54,48	0.3782456934440367
54,49	0.3875
54,5	0.9265694241581077
54,50	0.5359794776941504
54,51	-1.0
54,52	0.7885138597692652
54,53	0.9432422182837987
54,54	1.0
54,55	0.6174495586365919
54,56	0.8164965809277261
54,57	0.682608816022316
54,58	0.32448141214617854
54,59	0.8134892168199607
54,6	0.9689071235282217
54,60	0.6515837655350015
54,7	0.7669649888473704
54,8	0.7293233082706767
54,9	0.944911182523068
55,1	0.2512267209579664
55,10	0.060906419570403776
55,11	0.5679618342470648
55,12	0.34667632285535827
55,13	-0.08574929257125444
55,14	0.5838742081211422
55,15	0.6056951712211334
55,16	0.2965769294578804
55,17	0.3991107038599674
55,18	0.3049832692955573
55,19	0.5007467291559647
55,2	0.6659555553531759
55,20	0.7489287199466276
55,21	0.598891618885397
55,22	0.10308374045052708
55,23	0.5331396822236792
55,24	0.37848672087813356
55,25	0.2026827922671839
55,26	0.42494498557639426
55,27	0.32364888900157734
55,28	0.20717422954966885
55,29	0.35230228671029895
55,3	0.024712202337150914
55,30	0.23024827186657376
55,31	0.0976610248038547
55,32	0.4844039167304079
55,33	0.0024439270977053467
55,34	0.8846517369293825
55,35	0.6084496959129538
55,36	0.3854804291400133
55,37	0.4095898119868014
55,38	0.4725982150425215
55,39	0.6726966647316361
55,4	0.7375837923560066
55,40	0.3885019363264568
55,41	0.7572365563125346
55,42	0.7006206730473824
55,43	0.28015776286411065
55,44	0.2935683736754861
55,45	0.4392346521007423
55,46	0.13118343984692285
55,47	-0.044767080041130294
55,48	0.27753310949453003
55,49	0.32612357956346366
55,5	0.20784977797842816
55,50	0.45602166298127605
55,51	-0.3088988028763958
55,52	0.13810692620849568
55,53	0.5872685921352824
55,54	0.6174495586365918
55,55	1.0
55,56	0.2436405766566959
55,57	0.007105629807415864
55,58	0.3818222580914797
55,59	0.7368499582429022
55,6	-0.010005647637914783
55,60	0.37949896068009253
55,7	0.4286339162044168
55,8	0.3020265402310326
55,9	0.16833092723137297
56,1	0.8605151397295094
56,10	0.5515140200915621
56,11	0.562617883473271
56,12	0.46206158938018216
56,13	0.0
56,14	0.9379429217827664
56,15	0.04702564066699709
56,16	0.4361794119160355
56,17	0.4624677997437167
56,18	0.28692500665158793
56,19	0.48201344018786363
56,2	0.9738412097417933
56,20	0.9790809223729899
56,21	0.8399999999999999
56,22	0.6540771372005375
56,23	0.37054840769996517
56,24	0.2581988897471612
56,25	0.7420017660889499
56,26	0.34137839764799
56,27	0.6140833056494277
56,28	0.1700109086671635
56,29	0.4753048097482351
56,3	0.48189017085305735
56,30	0.11382267666203669
56,31	0.3964757936890943
56,32	0.4748345350746255
56,33	0.5426313477412145
56,34	0.9684959969581863
56,35	0.3679143413443473
56,36	0.86626517090124
56,37	0.9393210198519966
56,38	0.34095742544599056
56,39	0.4917377283490557
56,4	0.8721786813342282
56,40	0.74535599249993
56,41	0.3326528141123145
56,42	0.4555337555494519
56,43	-0.07537783614444095
56,44	0.20053636539604433
56,45	0.330065485400883
56,46	0.33991241480468837
56,47	0.3941535686914951
56,48	0.26238965809816683
56,49	0.3991749733395862
56,5	0.5060125083402593
56,50	0.8584216868169519
56,51	-0.9999999999999998
56,52	0.4040950290807674
56,53	0.31180478223116176
56,54	0.816496580927726
56,55	0.2436405766566959
56,56	1.0000000000000002
56,57	0.434243767532159
56,58	0.02700700174343152
56,59	0.6754768379034058
56,6	0.3454248976093902
56,60	-0.06244666259314958
56,7	0.688900354557957
56,8	0.31384995501360075
56,9	0.6327461157990807
57,1	0.42396998744815223
57,10	0.4600309104638039
57,11	0.4474693653781733
57,12	0.2670781653466459
57,13	0.8728715609439694
57,14	0.5337754219869236
57,15	0.4804295404245489
57,16	0.18457360184886074
57,17	0.11524441479015854
57,18	0.27807731057812207
57,19	0.36133262054803283
57,2	0.9591850389282891
57,20	0.9150772561270236
57,21	0.6554749394445403
57,22	0.4534226563187572
57,23	0.4910980550690549
57,24	0.2534390055408525
57,25	0.29569192405639905
57,26	0.31120817976323645
57,27	0.8121124417314133
57,28	0.14926917920521812
57,29	0.5540522810365228
57,3	0.484074975661267
57,30	-0.009918577489159157
57,31	0.2193804411020284
57,32	0.21414185752806378
57,33	0.3381786575138039
57,34	0.9432422182837987
57,35	0.5166350401452482
57,36	0.4494675593843758
57,37	0.7210293918212823
57,38	0.36354602265207797
57,39	0.5649914557197476
57,4	0.6813851438692469
57,40	0.3814465974057265
57,41	0.4070611519374003
57,42	0.2072390845763269
57,43	0.2663017150218154
57,44	0.22533600511992155
57,45	0.25052226139321765
57,46	0.04725733627833076
57,47	0.34762667749897047
57,48	0.39499603525101845
57,49	0.6720839475684458
57,5	0.5981861289166264
57,50	0.5828410841755098
57,51	0.12387925382036538
57,52	0.3758923849567995
57,53	0.515876954571596
57,54	0.6826088160223163
57,55	0.007105629807415826
57,56	0.43424376753215915
57,57	0.9999999999999999
57,58	0.06736646554341956
57,59	0.7604691006293733
57,6	0.42907490790827424
57,60	0.24370192677310623
57,7	0.368814836431982
57,8	0.20418367990807285
57,9	0.2826251660005172
58,1	0.34615399311042655
58,10	0.1965376657565702
58,11	0.7919091171097598
58,12	0.32909302357617026
58,13	-0.07497072027996957
58,14	0.46714818285974724
58,15	0.30725780452751006
58,16	0.338008657728892
58,17	0.341447598640702
58,18	0.20616743071426183
58,19	0.3923495195026739
58,2	0.5873876279118796
58,20	0.0528305648327014
58,21	0.23647642862059653
58,22	0.13168801833658722
58,23	0.3921581955471677
58,24	0.2900836300199368
58,25	0.21933171617775035
58,26	0.29703148922425343
58,27	0.26181675818508854
58,28	0.2705730361395734
58,29	0.30976623784619695
58,3	0.2228411349369753
58,30	0.24287611876385082
58,31	0.28213625413070825
58,32	0.2744568889873643
58,33	0.13218750712283336
58,34	0.40555355282690636
58,35	0.4475615377545376
58,36	0.2816833014123441
58,37	0.3396440042332311
58,38	0.3528981919614791
58,39	0.42545655559341583
58,4	0.6840824724153396
58,40	0.3323754769470113
58,41	0.28958895497038045
58,42	0.38598927430761304
58,43	0.5622550113947726
58,44	0.29969971746457424
58,45	0.36107246035123697
58,46	0.18994041662606398
58,47	0.048221597683360165
58,48	0.27843687204274464
58,49	0.21786196194506433
58,5	0.22001047682503302
58,50	0.516382989830463
58,51	0.10529886639051733
58,52	8.437379239239216E-4
58,53	0.17010899483601818
58,54	0.3244814121461786
58,55	0.3818222580914799
58,56	0.02700700174343156
58,57	0.06736646554341948
58,58	1.0
58,59	0.31440254259621914
58,6	0.03920941572540669
58,60	0.11176351419607897
58,7	0.4302688648610261
58,8	0.17158987664970388
58,9	0.5785056063934054
59,1	0.9365547100184192
59,10	0.6806659626466627
59,11	1.0000000000000002
59,12	0.7004041959724749
59,13	0.0
59,14	0.13867504905630731
59,15	0.447213595499958
59,16	0.5377060884116286
59,17	0.5890245250136349
59,18	0.662629397285908
59,19	0.42447635997800887
59,2	0.804803245292489
59,20	0.9711660993992188
59,21	0.9467531164008038
59,22	0.8838834764831843
59,23	0.8206555975292543
59,24	0.7772458770601026
59,25	0.8449717948268375
59,26	0.6704202675375397
59,27	0.9438798074485388
59,28	0.4548372232964766
59,29	0.5312796481290518
59,3	0.7574332837173637
59,30	0.14215612354490287
59,31	0.1976423537605237
59,32	0.8997671022677775
59,33	0.6942170720498069
59,34	1.0
59,35	0.807410347229262
59,36	0.7796102922564632
59,37	0.6441217087096434
59,38	0.9323464747969038
59,39	0.9811557810392123
59,4	0.8838834764831843
59,40	0.5921565254637922
59,41	0.820412654142367
59,42	0.968245836551854
59,43	0.9415544714433867
59,44	0.435476790562396
59,45	0.7990428385199252
59,46	0.49236596391733095
59,47	0.7034898429854363
59,48	0.5860080815322174
59,49	0.7337993857053428
59,5	0.8383803551716217
59,50	0.8652899256018457
59,51	0.0
59,52	0.8789302488553576
59,53	0.3015113445777636
59,54	0.8134892168199607
59,55	0.7368499582429024
59,56	0.6754768379034056
59,57	0.7604691006293735
59,58	0.3144025425962191
59,59	0.9999999999999999
59,6	0.8390804597701149
59,60	0.618589574131742
59,7	0.662266178532522
59,8	0.09939050778826468
59,9	0.8703882797784892
6,1	0.38298219089112395
6,10	0.32618750352553666
6,11	0.3700597624291389
6,12	0.6235294822373356
6,13	0.0
6,14	0.5683985600588051
6,15	0.10917341126549245
6,16	0.18222539974683122
6,17	0.2899066008221805
6,18	0.24537656971694982
6,19	0.7373220273507961
6,2	0.962395683039857
6,20	0.8977584024968697
6,21	0.7274914312438712
6,22	0.6708203932499369
6,23	0.3837114974487164
6,24	0.4425802640477049
6,25	0.6859579292038072
6,26	0.5017548846378721
6,27	0.8578866336760514
6,28	0.11733998977639935
6,29	0.5561080959076885
6,3	0.5259267081535116
6,30	-0.023354156457533692
6,31	-0.049507377148833694
6,32	0.23495592298797607
6,33	0.45968905545757255
6,34	0.9738163552145481
6,35	0.5056977734035141
6,36	0.6013158752405658
6,37	0.8337505000736476
6,38	0.19781414201873618
6,39	0.5880607627805152
6,4	0.3274153858318304
6,40	0.25000000000000006
6,41	0.6231407383092852
6,42	0.47641532075901044
6,43	0.13736056394868906
6,44	0.21523381287955234
6,45	0.34535933382251427
6,46	0.19016405491059388
6,47	0.5715289852782596
6,48	0.23329899206501573
6,49	0.609684581831195
6,5	0.682631845748783
6,50	0.8154811277380793
6,51	-0.8705715001320139
6,52	0.3919538089666944
6,53	0.35355339059327373
6,54	0.9689071235282217
6,55	-0.010005647637914783
6,56	0.3454248976093902
6,57	0.4290749079082743
6,58	0.0392094157254067
6,59	0.8390804597701149
6,6	1.0000000000000002
6,60	0.261203799262499
6,7	0.5773502691896257
6,8	0.07652567259319651
6,9	0.6051201657116568
60,1	0.17026775793766546
60,10	0.6142951168339513
60,11	-0.025507216374642375
60,12	0.6063390625908325
60,13	0.0
60,14	0.4285714285714285
60,15	0.8700568258333313
60,16	0.24862636323035148
60,17	0.14295820053935096
60,18	0.31861824225215246
60,19	0.45048730101257123
60,2	0.6565321642986129
60,20	0.6826561487862892
60,21	0.35355339059327373
60,22	0.41522739926869995
60,23	0.5980503604017328
60,24	0.5115743738394345
60,25	0.26111648393354675
60,26	0.4256306458440005
60,27	0.4643716460347527
60,28	0.29259739472188206
60,29	0.4361454588218232
60,3	0.5303625801985057
60,30	0.07153659651281699
60,31	0.6909801595573181
60,32	0.0740994897804573
60,33	0.38821734825851995
60,34	0.5222329678670935
60,35	0.5910541245655416
60,36	0.4127969174422724
60,37	0.30380249716635915
60,38	0.30348848933344197
60,39	0.6699645642462504
60,4	0.5590169943749475
60,40	0.35355339059327373
60,41	0.7031230493106524
60,42	0.7463904912524667
60,43	0.5813183589761796
60,44	0.2199175741844384
60,45	0.6225093728707208
60,46	0.08312885422006541
60,47	0.4926989888136382
60,48	0.5725256614305746
60,49	0.7671952740916673
60,5	0.5051814855409226
60,50	0.7309158771925376
60,51	-0.9999999999999998
60,52	0.27034490259784755
60,53	0.2182178902359924
60,54	0.6515837655350015
60,55	0.3794989606800924
60,56	-0.06244666259314958
60,57	0.24370192677310631
60,58	0.11176351419607891
60,59	0.618589574131742
60,6	0.261203799262499
60,60	1.0
60,7	0.3162393162393162
60,8	0.20026364540195712
60,9	-0.06565321642986129
7,1	0.7513428837969106
7,10	0.6454972243679027
7,11	0.8749999999999998
7,12	0.4934053696844758
7,13	0.0
7,14	0.6363636363636364
7,15	0.6918607726062582
7,16	0.7346954262012565
7,17	0.6763949524591821
7,18	0.3387421861190549
7,19	0.317397947574391
7,2	0.7427198887778832
7,20	0.9168894559922718
7,21	0.4487941707625715
7,22	0.75
7,23	0.8076193189199722
7,24	0.8479769571241732
7,25	0.7182917319666633
7,26	0.39799544584345437
7,27	0.6963106238227914
7,28	0.44779702897172097
7,29	0.41136206679760845
7,3	0.5102158874031735
7,30	0.35221626388912464
7,31	0.6105716541821835
7,32	0.7794488346453275
7,33	0.6926226943300734
7,34	0.875
7,35	0.8778203471513463
7,36	0.41513904361299825
7,37	0.6569741873352105
7,38	0.7489308618940976
7,39	0.8353216616414539
7,4	0.7931034482758624
7,40	0.8660254037844387
7,41	0.7293249574894728
7,42	0.6565321642986126
7,43	0.35535373401200704
7,44	0.7570763354371696
7,45	0.7461635290233402
7,46	-0.2044947617111026
7,47	0.5508802139991625
7,48	0.4773063997825812
7,49	0.7844645405527361
7,5	0.455670320301055
7,50	0.7876702615706815
7,51	0.0
7,52	0.11015984775300477
7,53	0.4466185006315601
7,54	0.7669649888473704
7,55	0.4286339162044167
7,56	0.6889003545579572
7,57	0.36881483643198204
7,58	0.43026886486102645
7,59	0.662266178532522
7,6	0.5773502691896257
7,60	0.3162393162393162
7,7	1.0
7,8	0.6408699444616558
7,9	0.07894736842105267
8,1	0.23058297567404656
8,10	0.28340915894406626
8,11	0.27367215433827946
8,12	0.30007277803589394
8,13	-0.5909368402852789
8,14	0.3534976101169956
8,15	0.1738501670894076
8,16	0.12697260984213093
8,17	0.11775765488483064
8,18	0.1877730793319162
8,19	0.5719031343322784
8,2	0.35734827197358526
8,20	0.8329179223149898
8,21	0.3332935434086722
8,22	0.23858967760504682
8,23	0.4448013608377212
8,24	0.0719076688299799
8,25	0.31019861468115734
8,26	0.13708705693031842
8,27	0.4092836572782683
8,28	0.10866440741612882
8,29	0.4568627311663579
8,3	0.256306474725677
8,30	0.13508146121882098
8,31	0.48521751198139795
8,32	0.11049702734953604
8,33	0.1446161149380912
8,34	0.30384627966693467
8,35	0.11278006393417858
8,36	0.22457093458425526
8,37	0.5117811507814725
8,38	0.13188944091768642
8,39	0.31620143203392637
8,4	0.41991312039042317
8,40	0.32749898929068993
8,41	0.3012736907656517
8,42	0.4171809075671539
8,43	0.2891574659831201
8,44	0.2530936539688278
8,45	0.3113649234805466
8,46	0.13419564256397212
8,47	0.09349251145446776
8,48	0.18356835026680526
8,49	0.16806388742815342
8,5	0.19726898101911064
8,50	0.7486400714106473
8,51	0.7777777777777778
8,52	0.191720469745907
8,53	0.3887407915116121
8,54	0.7293233082706768
8,55	0.3020265402310325
8,56	0.313849955013601
8,57	0.20418367990807282
8,58	0.17158987664970407
8,59	0.09939050778826468
8,6	0.07652567259319654
8,60	0.2002636454019572
8,7	0.6408699444616557
8,8	1.0
8,9	0.3322052985133747
9,1	0.7661308776828737
9,10	0.8910421112136303
9,11	1.0000000000000002
9,12	0.6956083436402524
9,13	0.0
9,14	0.8528028654224417
9,15	-0.09090909090909091
9,16	0.6273207543060624
9,17	-0.10003062630871666
9,18	0.054816126206689346
9,19	0.42817441928883754
9,2	0.958706236059213
9,20	0.8703882797784892
9,21	0.17407765595569785
9,22	0.8660254037844385
9,23	0.49541508402214957
9,24	0.6617146798250337
9,25	0.8522482714633917
9,26	0.4820037201172793
9,27	0.6210700940445371
9,28	0.3887994455458913
9,29	0.14484136487558025
9,3	0.6575959492214292
9,30	0.09187887193166178
9,31	0.22821773229381923
9,32	0.8313702367707397
9,33	0.34928793008507464
9,34	0.0
9,35	0.4977216921405408
9,36	0.8017837257372729
9,37	0.8666426707222404
9,38	0.7385489458759965
9,39	0.6085806194501845
9,4	0.8660254037844385
9,40	0.2075143391598224
9,41	0.26880646099027444
9,42	1.0000000000000002
9,43	0.7770286898858113
9,44	0.45301642420227445
9,45	0.771321404383905
9,46	0.7655318158241113
9,47	0.5833333333333334
9,48	0.4643724678289998
9,49	0.7083333333333336
9,5	0.6380532872271012
9,50	0.6633249580710799
9,51	0.0
9,52	0.03930312381065066
9,53	0.9226129063148778
9,54	0.9449111825230678
9,55	0.16833092723137297
9,56	0.6327461157990808
9,57	0.28262516600051724
9,58	0.5785056063934059
9,59	0.8703882797784892
9,6	0.6051201657116568
9,60	-0.0656532164298613
9,7	0.07894736842105268
9,8	0.33220529851337477
9,9	1.0
