1	0.8859366348279275
10	0.9649012813540154
11	0.6643638388299199
12	0.5345224838248488
13	0.0
14	0.8964214570007952
15	0.5962847939999439
16	0.9252041487854825
17	0.6856034446626806
18	0.5599759354355559
19	0.9778803607803973
2	0.9191450300180577
20	0.9128709291752768
21	0.8703882797784892
22	1.0
23	0.9531576233498552
24	0.8198915917499228
25	0.9410999550500216
26	0.3794021879778886
27	0.9165444688834583
28	0.5801804175680064
29	0.6376804093660592
3	0.7717436331412897
30	0.37305393877763243
31	0.14484136487558033
32	0.8802820864496439
33	0.5735216988374835
34	0.46291004988627577
35	0.7391704841559918
36	0.4036955611289491
37	0.9128709291752768
38	0.39167472590032015
39	0.3947710169758613
4	1.0
40	0.6363636363636364
41	0.919145030018058
42	0.6729265849104532
43	0.0
44	0.508239370939406
45	0.5563165583427424
46	0.6950959323759557
47	0.7339246680189276
48	0.9104654680003261
49	0.17677669529663687
5	0.9165444688834583
50	0.8502909222180473
51	-0.1889822365046136
52	0.9468641529479987
53	0.8703882797784892
54	0.9135002783911398
55	0.7375837923560066
56	0.8721786813342282
57	0.6813851438692471
58	0.6840824724153396
59	0.8838834764831843
6	0.32741538583183033
60	0.5590169943749475
7	0.793103448275862
8	0.4199131203904232
9	0.8660254037844385
