1	0.6113149794833975
10	0.986116864569426
11	0.9128709291752768
12	0.44346340998313405
14	1.0
15	0.472455591261534
16	0.2773500981126146
17	0.8171869346823522
18	0.25
19	0.9547032697824666
2	0.8006407690254357
20	0.8764598212022146
21	0.0
22	0.958706236059213
23	0.6060549347352335
24	0.8974476982721726
25	0.7912440035606791
26	0.836698656172646
27	0.7607204822889371
28	0.4151922892645606
29	0.0
3	0.8875203139603665
30	0.35276169592998136
31	0.2611164839335467
32	0.3529184543300314
33	0.6007063042561348
34	0.0
35	0.7089490077940542
36	0.609425284144605
37	0.8744746321952059
38	0.9201575383978459
39	0.9709360728752817
4	0.8964214570007952
40	0.5041841733655161
41	0.7637626158259733
42	0.8685990362153794
43	0.8750000000000001
44	0.7227520229346998
45	0.7543365091413573
46	0.3383414385564758
47	0.7583722888333069
48	0.471870105616408
49	0.4050462936504913
5	0.3869395588747966
50	0.8068715304598784
51	-0.9999999999999998
52	0.8773824395270646
53	0.7637626158259733
54	0.984731927834662
55	0.5838742081211422
56	0.9379429217827664
57	0.5337754219869237
58	0.4671481828597474
59	0.1386750490563073
6	0.5683985600588052
60	0.4285714285714285
7	0.6363636363636364
8	0.3534976101169955
9	0.8528028654224417
