1	0.8498107930273521
10	0.8052706076146672
11	0.9682458365518544
12	0.724730864048307
13	0.0
14	0.8068715304598786
15	0.6779363287563707
16	0.6909200918942158
17	0.48586863939734426
18	0.444089015397889
19	0.6096198517407089
2	0.9567973250157652
20	0.8176528845783729
21	0.7717436331412898
22	0.7716774657271722
23	0.7553282490608398
24	0.622973109833585
25	0.5961881446175248
26	0.6970626158019474
27	0.7997293778366412
28	0.369226095149277
29	0.5352365254237925
3	0.7897460828481065
30	0.37162496389574257
31	0.5111656508223583
32	0.4429517135384829
33	0.6357027050655865
34	0.9432422182837987
35	0.5271067837010363
36	0.5517552585361049
37	0.7685112253466267
38	0.6893203883495146
39	0.8786774264130284
4	0.8502909222180473
40	0.7391304347826086
41	0.8882347881956879
42	0.8238858408710995
43	0.8655263974602166
44	0.49663806575111064
45	0.731572970706988
46	0.34925405114875274
47	0.5744908324400919
48	0.5729279943486776
49	0.6474987709525734
5	0.9311013652122256
50	1.0
51	0.5000000000000001
52	0.7112948534273874
53	0.7499999999999998
54	0.5359794776941507
55	0.456021662981276
56	0.858421686816952
57	0.5828410841755097
58	0.5163829898304628
59	0.8652899256018457
6	0.8154811277380793
60	0.7309158771925376
7	0.7876702615706814
8	0.7486400714106475
9	0.6633249580710799
