1	0.7528074091628109
10	0.9510344374630683
11	0.9325048082403138
12	0.41149006234416474
13	0.0
14	0.984731927834662
15	0.2760262237369417
16	0.8983263773759129
17	0.7092993656151906
18	0.7001014493856176
19	0.9571426248774517
2	0.9101820546182063
20	0.9351438002390361
21	0.9128709291752768
22	0.958706236059213
23	0.9543135154205278
24	0.7610782069349787
25	0.7577352304240824
26	0.8970891825734567
27	0.9211323729436762
28	0.3974981496466631
29	0.43301270189221924
3	0.8147159132058054
30	0.435579762764215
31	0.3823529411764707
32	0.7818674846910654
33	0.659231724180059
34	0.8703882797784892
35	0.5388159060803247
36	0.9179869280115049
37	0.9009831711993147
38	0.9557896392964647
39	0.9315516419063742
4	0.9135002783911398
40	0.0
41	0.9101820546182064
42	0.8230548917531016
43	0.0
44	0.7559322033898304
45	0.34875759365476056
46	0.30526347499684925
47	0.580229958611494
48	0.3782456934440367
49	0.3875
5	0.9265694241581077
50	0.5359794776941504
51	-1.0
52	0.7885138597692652
53	0.9432422182837987
54	1.0
55	0.6174495586365919
56	0.8164965809277261
57	0.682608816022316
58	0.32448141214617854
59	0.8134892168199607
6	0.9689071235282217
60	0.6515837655350015
7	0.7669649888473704
8	0.7293233082706767
9	0.944911182523068
