1	0.7067915753542374
10	0.7027414573251549
11	0.9016114605562927
12	0.18499202251974176
13	0.0
14	0.35291845433003155
15	0.06201736729460426
16	0.44589434931370325
17	0.1861412186220056
18	0.18114871440777996
19	0.6479593654146084
2	0.3403983001734085
20	0.9140306216977252
21	0.48279482968681725
22	0.44989797492170536
23	0.5197261109084083
24	0.38967307196545053
25	0.4286872231109931
26	0.19926998074917068
27	0.5584202500512836
28	0.15450191111501815
29	0.560377325539602
3	0.4360110129896674
30	0.18816671679561056
31	0.1564161737720103
32	1.0
33	0.12614796891834973
34	0.9684959969581863
35	0.40219402403244997
36	0.4365061190922784
37	0.7083333333333335
38	0.38124642583151164
39	0.21821789023599245
4	0.8802820864496438
40	-0.01829179466301439
41	0.6745083501766913
42	0.914555017558556
43	0.6972166887783964
44	0.24323696173169876
45	0.23977711191122006
46	0.23012799075706727
47	0.27738437620300727
48	0.06674701401358431
49	0.21067524290009618
5	0.4360640516261428
50	0.4429517135384828
51	0.7559289460184545
52	0.16887448291407411
53	0.38243041426728575
54	0.7818674846910658
55	0.4844039167304079
56	0.4748345350746258
57	0.21414185752806386
58	0.2744568889873648
59	0.8997671022677775
6	0.23495592298797602
60	0.0740994897804573
7	0.7794488346453275
8	0.11049702734953604
9	0.8313702367707395
