1	0.5741192363184247
10	0.9191450300180577
11	0.0
12	0.34027852368936023
13	0.0
14	0.0
15	0.08421519210665188
16	0.2278378942563102
17	0.20416143158628983
18	0.38725959867882265
19	0.7007084071133717
2	0.968245836551854
20	0.9490707529566207
21	1.0
22	0.5929270612815711
23	0.8606629658238703
24	0.5731933401870662
25	0.840584366804486
26	0.6432384686146878
27	0.7360677045181884
28	0.15632436064366098
29	0.5160495431343255
3	0.6758897197703692
30	0.1560970665831034
31	-0.24999999999999994
32	0.48279482968681725
33	0.645856133055278
34	1.0
35	0.5610107297906025
36	0.5391532200433008
37	0.9869275424396534
38	0.4084508247276808
39	0.6639774272790981
4	0.8703882797784892
40	0.175187148742135
41	0.5916079783099615
42	0.7608859102526822
43	0.0
44	0.4317516517173876
45	0.363961101451301
46	0.14942528735632182
47	0.5991020199507532
48	0.540833418051366
49	0.13363062095621217
5	0.8625916683564174
50	0.7717436331412897
51	0.0
52	0.44996455455134
53	0.4950737714883371
54	0.9128709291752768
55	0.5988916188853965
56	0.8399999999999999
57	0.6554749394445402
58	0.2364764286205966
59	0.9467531164008037
6	0.7274914312438712
60	0.35355339059327373
7	0.4487941707625715
8	0.333293543408672
9	0.17407765595569785
