1	0.5184301362394316
10	0.6032380982470854
11	0.4740783452863865
12	0.38351223537497586
13	0.16477051091432696
14	0.6007063042561348
15	0.5813702384686876
16	0.29605124519647646
17	0.12368036487586272
18	0.2147586351232102
19	0.728411375507623
2	0.7096471338466098
20	0.75949455997117
21	0.645856133055278
22	0.5832470605630126
23	0.47221496930864804
24	0.119756499044191
25	0.523638805103553
26	0.2589904811105707
27	0.6343416888210194
28	0.09279331321537387
29	0.4523399984738443
3	0.4688968927798792
30	0.03996003746953435
31	0.24578204939437542
32	0.1261479689183497
33	1.0
34	0.7346854013832727
35	0.462841397655378
36	0.503285268880227
37	0.5787024772876501
38	0.3846717951596813
39	0.7094715444981251
4	0.5735216988374835
40	0.753846153846154
41	0.3544333595749494
42	0.6943296507508848
43	0.5339750091013881
44	0.14264718228986745
45	0.40837603172624765
46	0.185797182738595
47	0.27633618094056484
48	0.264494128844725
49	0.6551960839073376
5	0.49087251940074816
50	0.635702705065586
51	0.0
52	0.407046792618164
53	-0.07473924880782182
54	0.659231724180059
55	0.002443927097705342
56	0.5426313477412145
57	0.3381786575138041
58	0.13218750712283325
59	0.6942170720498069
6	0.4596890554575728
60	0.38821734825851995
7	0.6926226943300735
8	0.14461611493809148
9	0.3492879300850747
