1	0.19781414201873612
10	0.7592566023652965
11	0.4391550328268398
12	0.607332247634187
14	0.4050462936504913
15	0.7240521336304996
16	0.0702901946394416
17	-0.28867513459481287
18	0.5839689998134332
19	0.544517820488091
2	0.8050473686826041
20	0.012203291671705594
21	0.1336306209562122
22	0.674199862463242
23	0.472988101863693
24	0.3148716092908292
25	0.4544712506276484
26	0.5425389466519642
27	0.6693696839286682
28	0.24748560419431576
29	0.234644638349064
3	0.5441696415430994
30	-0.05217885792688178
31	0.4793103448275862
32	0.2106752429000961
33	0.6551960839073377
34	0.8783100656536799
35	0.8283153665625821
36	0.5693882362924259
37	0.67700320038633
38	0.41666666666666674
39	0.43583586846268
4	0.17677669529663687
40	0.17407765595569785
41	0.48038446141526137
42	0.5144957554275266
43	0.43301270189221924
44	0.13288211940534986
45	0.9756099468848068
46	-0.04903995023065118
47	0.5985011771570826
48	0.20912948642671378
49	1.0
5	0.8307471607356973
50	0.6474987709525734
51	-0.8910421112136305
52	0.4502108032881252
53	0.5521576303742326
54	0.38750000000000007
55	0.3261235795634636
56	0.3991749733395862
57	0.6720839475684459
58	0.2178619619450643
59	0.7337993857053428
6	0.6096845818311951
60	0.7671952740916673
7	0.7844645405527361
8	0.16806388742815345
9	0.7083333333333336
