1	0.6772119393918102
10	0.7882634225314346
11	0.8690481892534816
12	0.5416936059657776
13	0.0
14	0.7912440035606791
15	0.5928701515604371
16	0.5275864865160802
17	0.1908886471231431
18	0.359202531746159
19	0.5677265132924425
2	0.8868734084555892
20	0.8992681024914262
21	0.840584366804486
22	0.9759000729485331
23	0.5860942701532695
24	0.4147007925126549
25	1.0
26	0.32229937426693195
27	0.7433189072232039
28	0.19984505066456007
29	0.5261996249736955
3	0.5947596244450661
30	0.23462428565144258
31	0.424511086087139
32	0.4286872231109932
33	0.5236388051035528
34	0.9157484263009925
35	0.6239699395540578
36	0.5500224468460301
37	0.6572126557286111
38	0.24019223070763068
39	0.41260901856370613
4	0.9410999550500218
40	0.13483997249264834
41	0.4743416490252569
42	0.7912272180251639
43	0.12909944487358058
44	0.26152498394372237
45	0.4959923350382013
46	0.0631853552555203
47	0.48404872389990805
48	0.22574692487605194
49	0.45447125062764837
5	0.5177799092282185
50	0.5961881446175246
51	-0.9999999999999998
52	0.6277801510306267
53	0.7661308776828738
54	0.7577352304240825
55	0.20268279226718397
56	0.7420017660889501
57	0.2956919240563993
58	0.21933171617775055
59	0.8449717948268373
6	0.6859579292038069
60	0.26111648393354675
7	0.7182917319666633
8	0.31019861468115756
9	0.8522482714633915
