1	0.5431204538439774
10	0.5449433703020511
11	0.2927700218845599
12	0.5411194715596586
13	0.0
14	0.472455591261534
15	0.9999999999999999
16	0.041086180789929046
17	0.4414253263796292
18	0.25678837031215507
19	0.48374383424080136
2	0.4435327625727437
20	0.26322992125835554
21	0.08421519210665195
22	0.2548235957188128
23	0.6358558550989459
24	0.32710465522633264
25	0.5928701515604371
26	0.3544620886061482
27	0.6778596247646528
28	0.25825030437926244
29	0.3386566417384302
3	0.3456140223291052
30	0.2964458583160473
31	0.656119131453085
32	0.062017367294604275
33	0.5813702384686875
34	0.0
35	0.37776465038198603
36	0.10527936095153946
37	0.37896836447993343
38	0.1690308509457033
39	0.318986523990091
4	0.5962847939999439
40	0.0
41	0.41089070180665904
42	0.29277002188455997
43	0.0
44	0.4216289836557402
45	0.7656792727738334
46	0.4075176140831303
47	0.24697626473812923
48	0.16372832289052916
49	0.7240521336304995
5	0.35928215282510967
50	0.6779363287563706
51	-0.4472135954999579
52	0.33612278224367753
53	0.18463723646899913
54	0.2760262237369417
55	0.6056951712211334
56	0.04702564066699709
57	0.480429540424549
58	0.30725780452751006
59	0.447213595499958
6	0.10917341126549249
60	0.8700568258333311
7	0.6918607726062581
8	0.17385016708940754
9	-0.09090909090909091
