1	0.33244919891241753
10	0.26732752158332834
11	0.8722282147777605
12	0.5793147715603874
13	0.0
14	0.7543365091413573
15	0.7656792727738334
16	0.49578898150320305
17	0.27334687142919023
18	0.21399094570680477
19	0.6545617216599626
2	0.8685990362153793
20	0.8770580193070293
21	0.3639611014513012
22	0.7474825474418507
23	0.6340732444901838
24	0.4304459903110396
25	0.49599233503820117
26	0.3084193870607675
27	0.6339967389691933
28	0.26679543040011505
29	0.5653373815808751
3	0.43423789841016774
30	0.23920696715105572
31	0.2700308624336608
32	0.23977711191122014
33	0.4083760317262474
34	0.7717436331412899
35	0.4519178667794451
36	0.4470694748094738
37	0.7427813527082076
38	0.2721637030676401
39	0.42509840309961827
4	0.5563165583427424
40	0.14555752031552224
41	0.6039900012157713
42	0.5572411175586014
43	0.6779597633794472
44	0.3305237015502662
45	1.0
46	0.16701338753199182
47	0.2617628851811113
48	0.34370733903403183
49	0.9756099468848068
5	0.7127805623109592
50	0.7315729707069882
51	-0.9999999999999998
52	0.431383732063866
53	0.4828045495852676
54	0.34875759365476067
55	0.4392346521007418
56	0.330065485400883
57	0.25052226139321776
58	0.36107246035123697
59	0.7990428385199253
6	0.3453593338225142
60	0.6225093728707212
7	0.7461635290233402
8	0.3113649234805463
9	0.771321404383905
