1	0.8482931856991747
10	0.7895174259998616
11	1.0000000000000002
12	0.6566107861974994
13	0.0
14	0.874474632195206
15	0.3789683644799335
16	0.511734215906922
17	0.4483451101242451
18	0.5786486020045534
19	0.6641330354523186
2	0.985104109993904
20	0.9496696264729195
21	0.9869275424396534
22	0.9128709291752768
23	0.8768115942028986
24	0.7293645075136193
25	0.657212655728611
26	0.5113143943193186
27	0.8152137861837442
28	0.503274817126814
29	0.7542530330036966
3	0.6740333728045823
30	0.2355300270130985
31	0.4014775342734831
32	0.7083333333333335
33	0.5787024772876498
34	1.0000000000000002
35	0.6173388184425543
36	0.6492143174560063
37	1.0
38	0.25599605579485846
39	0.7921553131555973
4	0.9128709291752768
40	0.8429272304235245
41	0.665267348636088
42	0.9785497849867489
43	0.19611613513818402
44	0.6722139969935252
45	0.7427813527082076
46	0.49751099354050377
47	0.712542788616765
48	0.7453862417234767
49	0.67700320038633
5	0.7904967985610488
50	0.768511225346627
51	0.5000000000000001
52	0.6506159014557671
53	0.5855400437691198
54	0.9009831711993147
55	0.40958981198680133
56	0.9393210198519962
57	0.7210293918212825
58	0.339644004233231
59	0.6441217087096435
6	0.8337505000736475
60	0.30380249716635915
7	0.6569741873352105
8	0.5117811507814723
9	0.8666426707222403
