1	0.4336908741196557
10	0.7992228513451373
11	0.5123475382979799
12	0.7025323298298783
13	0.0
14	0.7089490077940542
15	0.37776465038198603
16	0.5855644793599178
17	0.5238101271161382
18	0.4268988215539836
19	0.6101557275771236
2	0.8447367914999205
20	0.705909444241564
21	0.5610107297906027
22	0.7829920680273972
23	0.6241608268139712
24	0.4770673847761334
25	0.6239699395540578
26	0.4650366331499127
27	0.6678432509294406
28	0.34205057080711593
29	0.6966901059724404
3	0.4731536257008314
30	0.22929332392298366
31	0.23408229439226114
32	0.40219402403245
33	0.462841397655378
34	0.8685990362153789
35	0.9999999999999998
36	0.08724939396583133
37	0.6173388184425543
38	0.859010165930062
39	0.6785608847219691
4	0.7391704841559918
40	0.7023833979330982
41	0.7164641576454228
42	0.7607257743127308
43	0.8316554899054914
44	0.17756810848677043
45	0.4519178667794452
46	0.3542947032042138
47	0.5780864076092096
48	0.41682979451678226
49	0.8283153665625821
5	0.49968687546213253
50	0.5271067837010361
51	0.6176470588235294
52	0.11696835397064882
53	0.2698237104037636
54	0.5388159060803247
55	0.6084496959129536
56	0.36791434134434725
57	0.5166350401452482
58	0.44756153775453783
59	0.807410347229262
6	0.5056977734035141
60	0.5910541245655416
7	0.8778203471513459
8	0.11278006393417876
9	0.4977216921405407
