1	0.3499055511488179
10	0.4173303795856905
11	0.506685981260509
12	0.15056494382338273
13	0.2916916755984738
14	0.25
15	0.256788370312155
16	0.2839209166107776
17	0.09370882463294292
18	1.0
19	0.2682535605354529
2	0.6528625492373729
20	0.413019714155313
21	0.387259598678823
22	0.496478762406178
23	0.4234190283275083
24	0.30501539394957977
25	0.35920253174615935
26	0.185725492162979
27	0.5144397753213169
28	0.20947970299071092
29	0.4094264468289748
3	0.30830427471919847
30	0.165216303189944
31	0.17782517278704105
32	0.1811487144077799
33	0.2147586351232103
34	0.8634624345543498
35	0.4268988215539835
36	0.19476329366017825
37	0.5786486020045535
38	0.17391152715201547
39	0.4249009070952006
4	0.5599759354355559
40	0.3368594277592665
41	0.371258816233934
42	0.576947183287683
43	0.28962293710578446
44	0.26528155986624075
45	0.21399094570680502
46	0.15095027640599964
47	0.20202824751683982
48	0.3092963690172233
49	0.5839689998134331
5	0.2941113627784242
50	0.4440890153978891
51	0.3629150273454803
52	0.24131665313809061
53	0.5802207155823121
54	0.7001014493856176
55	0.30498326929555736
56	0.2869250066515877
57	0.2780773105781215
58	0.2061674307142616
59	0.662629397285908
6	0.24537656971694952
60	0.31861824225215246
7	0.3387421861190549
8	0.1877730793319164
9	0.05481612620668937
