1	0.8416254115301732
10	0.8834522085987725
11	1.0000000000000002
12	0.6599120175960899
13	0.0
14	0.7637626158259733
15	0.1846372364689991
16	0.49497474683058323
17	-0.03944706817271962
18	0.5802207155823121
19	0.7106690545187015
2	1.0
20	0.6030226891555274
21	0.4950737714883373
22	0.8703882797784892
23	0.14978617237881953
24	0.4247810557837727
25	0.7661308776828737
26	0.2603437196348712
27	0.1386750490563073
28	0.29370462227550403
29	0.6793662204867574
3	0.030529706287998965
30	0.1885203989715764
31	0.43386091563731227
32	0.3824304142672859
33	-0.07473924880782182
34	0.0
35	0.2698237104037635
36	0.6166698388447786
37	0.5855400437691198
38	0.49009802940980357
39	0.5640760748177662
4	0.8703882797784892
40	0.28504385627478457
41	0.8131249357707345
42	0.8783100656536802
43	0.9432422182837987
44	0.11099464973379262
45	0.4828045495852676
46	0.31622776601683794
47	0.4763305116224669
48	0.21310387296367062
49	0.5521576303742328
5	0.2183415544702388
50	0.75
51	0.0
52	0.026168955732628663
53	0.9999999999999999
54	0.9432422182837983
55	0.5872685921352824
56	0.31180478223116176
57	0.515876954571596
58	0.17010899483601824
59	0.3015113445777636
6	0.35355339059327373
60	0.2182178902359924
7	0.4466185006315601
8	0.38874079151161206
9	0.9226129063148776
