1	0.6253340406679673
10	0.44231985872482904
11	0.7597456497402567
12	0.6757246285173463
13	0.0
14	0.9709360728752818
15	0.31898652399009103
16	0.8444241745068641
17	0.6020079537407
18	0.4249009070952006
19	0.729125993199262
2	0.9683296637314884
20	0.758199185732715
21	0.6639774272790984
22	0.9185586535436918
23	0.9127126507294967
24	0.6110462975796659
25	0.4126090185637062
26	0.8410596026490066
27	0.9684747092264967
28	0.2648992996642043
29	0.061655316068647555
3	0.6415330430374764
30	0.22389381921710164
31	0.3110249231497473
32	0.21821789023599236
33	0.7094715444981251
34	0.0
35	0.6785608847219692
36	0.47813444801039856
37	0.7921553131555973
38	0.35141345394406065
39	1.0000000000000002
4	0.3947710169758613
40	0.0
41	0.30935921676911454
42	0.6103896103896104
43	0.0
44	0.5754964847837222
45	0.4250984030996184
46	0.02314835974236358
47	0.6305960314083819
48	0.5776323851454745
49	0.43583586846268
5	0.5965587590013045
50	0.8786774264130284
51	-0.9999999999999998
52	0.612560327366974
53	0.5640760748177662
54	0.9315516419063742
55	0.672696664731636
56	0.4917377283490554
57	0.5649914557197476
58	0.42545655559341583
59	0.9811557810392123
6	0.5880607627805152
60	0.6699645642462504
7	0.8353216616414539
8	0.31620143203392637
9	0.6085806194501845
