1	0.6123724356957946
10	-0.9999999999999998
11	-0.13483997249264842
12	0.7388664511337207
14	-0.9999999999999998
15	-0.4472135954999579
16	0.33995005182504245
17	-0.4472135954999579
18	0.3629150273454803
19	-0.4999999999999999
2	0.0
20	0.0
21	0.0
22	-0.9999999999999998
23	0.6318006707199479
24	0.3273268353539886
25	-0.9999999999999998
26	0.0
27	0.0
28	-0.002332331250845494
29	0.0
3	0.37397879600338285
30	0.36506797141090314
31	0.0
32	0.7559289460184545
33	0.0
34	0.0
35	0.6176470588235294
36	0.0
37	0.5000000000000001
38	-0.9999999999999998
39	-0.9999999999999998
4	-0.1889822365046136
40	0.0
41	0.0
42	0.0
43	0.0
44	0.5484080882861869
45	-0.9999999999999998
46	0.25314157340492166
47	0.24343224778007377
48	0.2774713314443212
49	-0.8910421112136305
5	0.0
50	0.5000000000000001
51	1.0
52	0.037037037037037035
53	0.0
54	-1.0
55	-0.3088988028763957
56	-0.9999999999999998
57	0.12387925382036538
58	0.10529886639051733
59	0.0
6	-0.8705715001320139
60	-0.9999999999999998
7	0.0
8	0.7777777777777778
9	0.0
