1	0.7794360300272635
10	0.6146000210361579
11	0.6461680350030748
12	0.775579815673672
13	0.0
14	0.8875203139603666
15	0.34561402232910515
16	0.0709321591268358
17	0.2545214226213878
18	0.3083042747191975
19	0.4080234717395808
2	0.9263671131731708
20	0.9421210843581294
21	0.6758897197703692
22	0.48211883221470236
23	0.32233495173363275
24	0.4144088894738848
25	0.5947596244450662
26	0.3093988484250721
27	0.6092848842499202
28	0.13382860368014415
29	0.5402828035608828
3	1.0
30	0.12580189588045887
31	0.5624813381435533
32	0.4360110129896673
33	0.4688968927798792
34	0.8834522085987722
35	0.47315362570083136
36	0.6109515637487631
37	0.6740333728045823
38	0.5098047538220208
39	0.6415330430374763
4	0.7717436331412899
40	0.5144957554275263
41	0.44070569411825217
42	0.655955758320408
43	0.0
44	0.39832751001885724
45	0.43423789841016774
46	0.14254619510143363
47	0.5732305987108395
48	0.12184056186272887
49	0.5441696415430994
5	0.5565713133330445
50	0.7897460828481065
51	0.3739787960033829
52	0.343595332493858
53	0.03052970628799897
54	0.8147159132058053
55	0.02471220233715091
56	0.4818901708530563
57	0.4840749756612668
58	0.22284113493697538
59	0.7574332837173637
6	0.5259267081535114
60	0.5303625801985058
7	0.5102158874031735
8	0.256306474725677
9	0.6575959492214292
