1	0.9263103407916954
10	0.9238809633728572
11	1.0
12	0.7667484762335374
13	0.0
14	0.8006407690254357
15	0.4435327625727436
16	0.7059515949730566
17	0.6179077013282608
18	0.6528625492373731
19	0.9315420132168272
2	0.9999999999999999
20	1.0000000000000002
21	0.968245836551854
22	0.9128709291752768
23	0.7902036646570129
24	0.762458340267651
25	0.8868734084555892
26	0.6276572292065193
27	0.7648662360221621
28	0.372685840858735
29	0.888803167408494
3	0.9263671131731708
30	0.22727525715369237
31	0.2696799449852968
32	0.34039830017340855
33	0.70964713384661
34	1.0
35	0.8447367914999205
36	0.6617544314513379
37	0.985104109993904
38	0.8227533512074423
39	0.9683296637314882
4	0.919145030018058
40	0.8750000000000001
41	1.0
42	0.9999999999999998
43	0.8064516129032258
44	0.4703561103438184
45	0.8685990362153793
46	0.4441483531015752
47	0.8923543557893895
48	0.5517415014684882
49	0.8050473686826041
5	0.6224717976020828
50	0.9567973250157652
51	0.0
52	0.8020304568527918
53	1.0
54	0.9101820546182063
55	0.665955555353176
56	0.9738412097417933
57	0.9591850389282891
58	0.5873876279118797
59	0.8048032452924888
6	0.962395683039857
60	0.6565321642986129
7	0.7427198887778832
8	0.35734827197358515
9	0.958706236059213
